FPS 30
SPF 15
jt HEAD
jt NECK
jt LEFT_SHOULDER
jt LEFT_ELBOW
jt LEFT_HAND
jt RIGHT_SHOULDER
jt RIGHT_ELBOW
jt RIGHT_HAND
jt TORSO
jt LEFT_HIP
jt LEFT_KNEE
jt LEFT_FOOT
jt RIGHT_HIP
jt RIGHT_KNEE
jt RIGHT_FOOT
t 4897677000
j HEAD -66.74 519.04 1849.36 0.7 -0.11 0.01 -0.03 0.99 0.7
j NECK -83.93 231.36 1912.41 0.7 -0.11 0.01 -0.03 0.99 0.7
j LEFT_SHOULDER -294.02 231.52 1917.76 0.7 0.3 -0.07 0.25 0.92 0.7
j LEFT_ELBOW -554.58 106.49 1835.17 0.7 0.37 -0.41 0.12 0.83 0.7
j LEFT_HAND -757.06 138.03 1594.85 0.7 0 0 0 0 0.7
j RIGHT_SHOULDER 126.16 231.2 1907.05 0.7 0.48 -0.13 -0.18 0.85 0.7
j RIGHT_ELBOW 390.94 107.01 1921.53 0.7 0.51 0.22 0.03 0.83 0.7
j RIGHT_HAND 677.44 191.87 1815.85 0.7 0 0 0 0 0.7
j TORSO -83.71 0.71 1927.74 0.7 -0.03 0.01 0 1 0.7
j LEFT_HIP -197.38 -229.86 1945.97 0.7 0.11 0.1 -0.03 0.99 0.7
j LEFT_KNEE -234.75 -692.92 1846.76 0.7 -0.2 0.11 0 0.97 0.7
j LEFT_FOOT -211.34 -1111.85 2027.31 0 0 0 0 0 0
j RIGHT_HIP 30.4 -230.03 1940.17 0.7 -0.01 1 -0.01 -0.06 0.7
j RIGHT_KNEE 35.87 -654.23 1951.21 0.7 0.03 0.99 -0.09 -0.05 0.7
j RIGHT_FOOT 17.24 -1026.32 2023.48 0.7 0 0 0 0 0.7
t 4897976000
j HEAD -75.67 519.17 1871.02 0.7 -0.09 0.02 -0.03 1 0.7
j NECK -92.54 226.42 1921.91 0.7 -0.09 0.02 -0.03 1 0.7
j LEFT_SHOULDER -295.82 224.06 1932.48 0.7 0.22 -0.04 0.27 0.94 0.7
j LEFT_ELBOW -568.97 65.59 1867.7 0.7 0.31 -0.45 0.15 0.82 0.7
j LEFT_HAND -738.68 78.33 1606.95 0.7 0 0 0 0 0.7
j RIGHT_SHOULDER 110.74 228.78 1911.34 0.7 0.43 -0.14 -0.19 0.87 0.7
j RIGHT_ELBOW 362.49 99.41 1936.17 0.7 0.47 0.23 0.01 0.85 0.7
j RIGHT_HAND 638.27 169.7 1816.33 0.7 0 0 0 0 0.7
j TORSO -89.28 -2.48 1933.6 0.7 -0.03 0.03 0.01 1 0.7
j LEFT_HIP -195.79 -232.66 1951 0.7 -0.07 0.13 -0.03 0.99 0.7
j LEFT_KNEE -212.46 -703.03 2015.6 0.7 -0.02 0.13 -0 0.99 0.7
j LEFT_FOOT -211.86 -1159.39 2035.76 0 0 0 0 0 0
j RIGHT_HIP 23.77 -230.12 1939.58 0.7 -0.02 1 -0.02 -0.07 0.7
j RIGHT_KNEE 38.22 -661.32 1959.75 0.7 0.02 0.99 -0.1 -0.06 0.7
j RIGHT_FOOT 26.76 -1043.67 2042.13 0.7 0 0 0 0 0.7
t 4898313000
j HEAD -90.51 519.02 1886.27 0.7 -0.07 0.02 -0.04 1 0.7
j NECK -112.83 222 1926.36 0.7 -0.07 0.02 -0.04 1 0.7
j LEFT_SHOULDER -317.3 214.19 1933.94 0.7 0.23 -0.04 0.27 0.93 0.7
j LEFT_ELBOW -586.58 57.39 1869.57 0.7 0.33 -0.46 0.14 0.81 0.7
j LEFT_HAND -764.42 82.42 1595.95 0.7 0 0 0 0 0.7
j RIGHT_SHOULDER 91.64 229.81 1918.79 0.7 0.46 -0.13 -0.2 0.86 0.7
j RIGHT_ELBOW 351.31 90.75 1931.52 0.7 0.5 0.24 0.01 0.83 0.7
j RIGHT_HAND 620.47 170.46 1810.4 0.7 0 0 0 0 0.7
j TORSO -103.76 -5.01 1937.17 0.7 -0.02 0.02 0.02 1 0.7
j LEFT_HIP -206.41 -236.29 1952.11 0.7 -0.03 0.12 -0.04 0.99 0.7
j LEFT_KNEE -235.63 -678.59 1978.38 0.7 -0.08 0.12 0.02 0.99 0.7
j LEFT_FOOT -215.04 -1045.07 2034.76 0.7 0 0 0 0 0.7
j RIGHT_HIP 17.03 -227.76 1943.83 0.7 0.01 1 -0.03 -0.06 0.7
j RIGHT_KNEE 9.07 -666.27 1967.22 0.7 -0.04 0.99 -0.14 -0.07 0.7
j RIGHT_FOOT 48.76 -1034.83 2067.68 0.7 0 0 0 0 0.7
t 4898380000
j HEAD -96.82 517.97 1893.99 0.7 -0.06 0.02 -0.03 1 0.7
j NECK -115.81 223.11 1927.64 0.7 -0.06 0.02 -0.03 1 0.7
j LEFT_SHOULDER -314.89 216.55 1935.28 0.7 0.23 -0.05 0.28 0.93 0.7
j LEFT_ELBOW -584.54 59.28 1867.18 0.7 0.33 -0.45 0.14 0.81 0.7
j LEFT_HAND -761.81 82.31 1595.87 0.7 0 0 0 0 0.7
j RIGHT_SHOULDER 83.28 229.66 1919.99 0.7 0.46 -0.14 -0.22 0.85 0.7
j RIGHT_ELBOW 334.94 85.71 1931.52 0.7 0.51 0.23 -0 0.83 0.7
j RIGHT_HAND 624.61 161.27 1805.05 0.7 0 0 0 0 0.7
j TORSO -107.99 -3.92 1936.66 0.7 -0.02 0.02 0.02 1 0.7
j LEFT_HIP -210.55 -234.58 1949.92 0.7 -0.01 0.12 -0.02 0.99 0.7
j LEFT_KNEE -227.94 -668.54 1958.24 0.7 -0.1 0.12 -0.01 0.99 0.7
j LEFT_FOOT -228.8 -1061.02 2037.27 0.7 0 0 0 0 0.7
j RIGHT_HIP 10.21 -227.31 1941.44 0.7 0.01 1 -0.03 -0.06 0.7
j RIGHT_KNEE 6.17 -664.45 1968.42 0.7 -0.04 0.99 -0.14 -0.07 0.7
j RIGHT_FOOT 47.11 -1047.46 2073.28 0.7 0 0 0 0 0.7
t 4898612000
j HEAD -101.53 518.33 1895.15 0.7 -0.06 0.02 -0.03 1 0.7
j NECK -119.31 222.65 1928.47 0.7 -0.06 0.02 -0.03 1 0.7
j LEFT_SHOULDER -321.73 216.61 1937.52 0.7 0.22 -0.05 0.28 0.93 0.7
j LEFT_ELBOW -582.61 61.72 1867.11 0.7 0.32 -0.46 0.15 0.81 0.7
j LEFT_HAND -754.88 75.52 1594.08 0.7 0 0 0 0 0.7
j RIGHT_SHOULDER 83.11 228.69 1919.42 0.7 0.46 -0.14 -0.21 0.85 0.7
j RIGHT_ELBOW 335.75 86.82 1932.07 0.7 0.51 0.23 0 0.83 0.7
j RIGHT_HAND 622.92 164.37 1810.74 0.7 0 0 0 0 0.7
j TORSO -112.19 -3.93 1936.64 0.7 -0.02 0.02 0.02 1 0.7
j LEFT_HIP -215.91 -233.82 1949.77 0.7 -0 0.12 -0.02 0.99 0.7
j LEFT_KNEE -234.92 -669.26 1952.87 0.7 -0.1 0.12 -0.01 0.99 0.7
j LEFT_FOOT -234.51 -1073.97 2037.75 0.7 0 0 0 0 0.7
j RIGHT_HIP 5.78 -227.21 1939.86 0.7 -0 1 -0.03 -0.06 0.7
j RIGHT_KNEE 9.41 -657.62 1961.47 0.7 -0.04 0.99 -0.14 -0.07 0.7
j RIGHT_FOOT 45.16 -1040.75 2069.2 0.7 0 0 0 0 0.7
t 4898780000
j HEAD -102.68 518.23 1896 0.7 -0.05 0.04 -0.03 1 0.7
j NECK -121.88 218.98 1929.79 0.7 -0.05 0.04 -0.03 1 0.7
j LEFT_SHOULDER -323.96 217.53 1946.88 0.7 0.21 -0.06 0.27 0.94 0.7
j LEFT_ELBOW -583.07 67.97 1877.83 0.7 0.3 -0.45 0.16 0.82 0.7
j LEFT_HAND -756.59 71.63 1607.73 0.7 0 0 0 0 0.7
j RIGHT_SHOULDER 80.21 220.43 1912.69 0.7 0.47 -0.13 -0.21 0.85 0.7
j RIGHT_ELBOW 342.14 81.4 1920.6 0.7 0.51 0.24 0.01 0.83 0.7
j RIGHT_HAND 612.44 161.24 1801.81 0.7 0 0 0 0 0.7
j TORSO -119.21 -14.22 1941.51 0.7 -0.03 0.04 0 1 0.7
j LEFT_HIP -231.83 -248.26 1962.98 0.7 0.03 0.14 -0.01 0.99 0.7
j LEFT_KNEE -246.4 -660.73 1941.37 0.7 -0.12 0.14 0.01 0.98 0.7
j LEFT_FOOT -226.18 -1045.28 2035.09 0.7 0 0 0 0 0.7
j RIGHT_HIP -1.27 -246.61 1943.47 0.7 -0.02 1 -0.02 -0.09 0.7
j RIGHT_KNEE 19.27 -678.81 1959.65 0.7 -0.02 0.99 -0.15 -0.08 0.7
j RIGHT_FOOT 45.93 -1061.59 2076.41 0.7 0 0 0 0 0.7
t 4898912000
j HEAD -104.18 517.81 1895.88 0.7 -0.06 0.03 -0.03 1 0.7
j NECK -120.05 218.63 1931.08 0.7 -0.06 0.03 -0.03 1 0.7
j LEFT_SHOULDER -321.16 217.88 1943.48 0.7 0.22 -0.06 0.27 0.94 0.7
j LEFT_ELBOW -584.76 66.55 1870.21 0.7 0.31 -0.45 0.16 0.82 0.7
j LEFT_HAND -758.12 74.38 1602.47 0.7 0 0 0 0 0.7
j RIGHT_SHOULDER 81.05 219.39 1918.67 0.7 0.46 -0.12 -0.21 0.86 0.7
j RIGHT_ELBOW 343.03 79.73 1922.76 0.7 0.5 0.24 -0.01 0.83 0.7
j RIGHT_HAND 619.84 153.08 1795.67 0.7 0 0 0 0 0.7
j TORSO -118.74 -11.53 1938.37 0.7 -0.02 0.03 0 1 0.7
j LEFT_HIP -230.25 -242.11 1952.63 0.7 0.01 0.13 -0.02 0.99 0.7
j LEFT_KNEE -244.93 -670.51 1943.72 0.7 -0.14 0.13 -0 0.98 0.7
j LEFT_FOOT -232.35 -1067.64 2055.54 0.7 0 0 0 0 0.7
j RIGHT_HIP -4.6 -241.26 1938.7 0.7 -0.03 1 -0.02 -0.07 0.7
j RIGHT_KNEE 18.28 -672.26 1951.32 0.7 -0.01 0.99 -0.14 -0.07 0.7
j RIGHT_FOOT 36.59 -1058.89 2065.45 0.7 0 0 0 0 0.7
t 4899045000
j HEAD -107.05 517.55 1896.15 0.7 -0.05 0 -0.04 1 0.7
j NECK -131.67 211.88 1926.43 0.7 -0.05 0 -0.04 1 0.7
j LEFT_SHOULDER -340.62 211.73 1928.57 0.7 0.21 -0.06 0.27 0.94 0.7
j LEFT_ELBOW -584.57 72.63 1860.93 0.7 0.31 -0.45 0.16 0.82 0.7
j LEFT_HAND -758.01 77.49 1597.05 0.7 0 0 0 0 0.7
j RIGHT_SHOULDER 77.27 212.03 1924.3 0.7 0.45 -0.11 -0.2 0.86 0.7
j RIGHT_ELBOW 344.13 76.22 1928.29 0.7 0.5 0.23 -0.01 0.84 0.7
j RIGHT_HAND 620.03 140.19 1807.2 0.7 0 0 0 0 0.7
j TORSO -131.45 -21.06 1931.89 0.7 -0.01 0.01 0 1 0.7
j LEFT_HIP -243.4 -254.09 1938.5 0.7 -0.04 0.1 0.01 0.99 0.7
j LEFT_KNEE -232.98 -688.66 1968.97 0.7 -0.12 0.1 -0.02 0.99 0.7
j LEFT_FOOT -239.23 -1080.28 2068.39 0.7 0 0 0 0 0.7
j RIGHT_HIP -19.07 -253.93 1936.21 0.7 -0.05 1 -0.02 -0.05 0.7
j RIGHT_KNEE 20.07 -675.42 1948.23 0.7 -0.01 0.99 -0.14 -0.04 0.7
j RIGHT_FOOT 35.98 -1059.39 2057.83 0.7 0 0 0 0 0.7
t 4899208000
j HEAD -106.81 516.39 1894.85 0.7 -0.06 0.02 -0.04 1 0.7
j NECK -127.26 216.4 1930.05 0.7 -0.06 0.02 -0.04 1 0.7
j LEFT_SHOULDER -330.38 217.17 1938.89 0.7 0.25 -0.07 0.29 0.92 0.7
j LEFT_ELBOW -579.97 67.51 1858.64 0.7 0.35 -0.43 0.16 0.82 0.7
j LEFT_HAND -765.57 80.8 1593.66 0.7 0 0 0 0 0.7
j RIGHT_SHOULDER 75.85 215.64 1921.21 0.7 0.45 -0.12 -0.21 0.86 0.7
j RIGHT_ELBOW 334.28 76.57 1925.34 0.7 0.5 0.23 -0.01 0.83 0.7
j RIGHT_HAND 614.01 142.58 1798.08 0.7 0 0 0 0 0.7
j TORSO -127.87 -14.56 1936.28 0.7 -0.01 0.02 -0 1 0.7
j LEFT_HIP -242.42 -245.09 1947.48 0.7 -0.01 0.12 0 0.99 0.7
j LEFT_KNEE -239.18 -655.13 1953.08 0.7 -0.12 0.11 -0.01 0.99 0.7
j LEFT_FOOT -239.53 -1085.09 2063.27 0.7 0 0 0 0 0.7
j RIGHT_HIP -14.52 -245.95 1937.56 0.7 -0.04 1 -0.02 -0.07 0.7
j RIGHT_KNEE 21.7 -672.16 1953.37 0.7 -0 0.99 -0.13 -0.05 0.7
j RIGHT_FOOT 29.14 -1064.75 2057.25 0.7 0 0 0 0 0.7
t 4899340000
j HEAD -107.15 516.42 1893.62 0.7 -0.06 0.02 -0.04 1 0.7
j NECK -128.2 219.05 1930.43 0.7 -0.06 0.02 -0.04 1 0.7
j LEFT_SHOULDER -329.2 219.45 1939.91 0.7 0.23 -0.07 0.29 0.93 0.7
j LEFT_ELBOW -580.14 68.27 1862.45 0.7 0.33 -0.44 0.16 0.82 0.7
j LEFT_HAND -759.69 76.08 1595.02 0.7 0 0 0 0 0.7
j RIGHT_SHOULDER 72.8 218.65 1920.94 0.7 0.45 -0.12 -0.22 0.86 0.7
j RIGHT_ELBOW 333.13 76.88 1924.53 0.7 0.5 0.24 -0.02 0.83 0.7
j RIGHT_HAND 607.9 142.07 1797.71 0.7 0 0 0 0 0.7
j TORSO -128.37 -13.58 1936.6 0.7 -0.01 0.02 -0 1 0.7
j LEFT_HIP -242.8 -245.98 1948.17 0.7 0 0.12 -0.04 0.99 0.7
j LEFT_KNEE -280.63 -665.69 1949.17 0.7 -0.14 0.13 0.03 0.98 0.7
j LEFT_FOOT -240.88 -1090.94 2071.51 0.7 0 0 0 0 0.7
j RIGHT_HIP -14.28 -246.44 1937.39 0.7 -0.04 1 -0.03 -0.07 0.7
j RIGHT_KNEE 25.37 -693.63 1964.2 0.7 -0 0.99 -0.13 -0.06 0.7
j RIGHT_FOOT 34.09 -1077.73 2064.25 0.7 0 0 0 0 0.7
t 4899440000
j HEAD -107.07 516.19 1891.95 0.7 -0.07 0.03 -0.04 1 0.7
j NECK -127.73 220.88 1931.34 0.7 -0.07 0.03 -0.04 1 0.7
j LEFT_SHOULDER -327.74 221.2 1941.58 0.7 0.23 -0.06 0.29 0.93 0.7
j LEFT_ELBOW -579.44 69.76 1864.83 0.7 0.33 -0.44 0.16 0.82 0.7
j LEFT_HAND -759.41 78.06 1597.47 0.7 0 0 0 0 0.7
j RIGHT_SHOULDER 72.28 220.56 1921.1 0.7 0.45 -0.12 -0.22 0.86 0.7
j RIGHT_ELBOW 331.54 75.31 1925.28 0.7 0.5 0.24 -0.01 0.83 0.7
j RIGHT_HAND 606.31 142.92 1797.19 0.7 0 0 0 0 0.7
j TORSO -127.78 -10.13 1937.73 0.7 -0.01 0.03 -0 1 0.7
j LEFT_HIP -242.26 -240.96 1949.98 0.7 -0 0.12 -0.03 0.99 0.7
j LEFT_KNEE -272.61 -715.24 1956.74 0.7 -0.14 0.13 0 0.98 0.7
j LEFT_FOOT -253.98 -1153.7 2084.34 0 0 0 0 0 0
j RIGHT_HIP -13.38 -241.33 1938.26 0.7 -0.04 1 -0.03 -0.07 0.7
j RIGHT_KNEE 23.8 -679.81 1961.29 0.7 -0.01 0.99 -0.13 -0.06 0.7
j RIGHT_FOOT 38.45 -1087.77 2070.76 0.7 0 0 0 0 0.7
t 4899577000
j HEAD -107.28 515.44 1892.38 0.7 -0.07 0.02 -0.04 1 0.7
j NECK -128.35 220.74 1931.7 0.7 -0.07 0.02 -0.04 1 0.7
j LEFT_SHOULDER -327.25 220.06 1941.23 0.7 0.23 -0.06 0.29 0.93 0.7
j LEFT_ELBOW -579.57 68.02 1865.29 0.7 0.33 -0.44 0.16 0.82 0.7
j LEFT_HAND -759.87 76.7 1596.73 0.7 0 0 0 0 0.7
j RIGHT_SHOULDER 70.56 221.42 1922.16 0.7 0.46 -0.12 -0.22 0.85 0.7
j RIGHT_ELBOW 330.47 76.26 1925.66 0.7 0.51 0.24 -0.01 0.83 0.7
j RIGHT_HAND 611.91 144.4 1797.8 0.7 0 0 0 0 0.7
j TORSO -127.26 -10.73 1937.86 0.7 -0.01 0.02 0 1 0.7
j LEFT_HIP -238.44 -242.59 1949.41 0.7 -0.01 0.12 -0.02 0.99 0.7
j LEFT_KNEE -260.82 -717.31 1959.64 0.7 -0.12 0.13 0.01 0.99 0.7
j LEFT_FOOT -239.44 -1162.01 2063.13 0 0 0 0 0 0
j RIGHT_HIP -13.92 -241.82 1938.65 0.7 -0.04 1 -0.03 -0.07 0.7
j RIGHT_KNEE 26.92 -681.46 1958.79 0.7 -0.01 0.99 -0.15 -0.06 0.7
j RIGHT_FOOT 44.28 -1094.8 2082.77 0.7 0 0 0 0 0.7
t 4899744000
j HEAD -107.12 515.88 1891.05 0.7 -0.07 0.02 -0.03 1 0.7
j NECK -126.25 222.27 1931.74 0.7 -0.07 0.02 -0.03 1 0.7
j LEFT_SHOULDER -323.6 221.99 1941.07 0.7 0.23 -0.06 0.29 0.93 0.7
j LEFT_ELBOW -576.17 68.01 1869.89 0.7 0.33 -0.44 0.16 0.82 0.7
j LEFT_HAND -755.81 73.75 1600.66 0.7 0 0 0 0 0.7
j RIGHT_SHOULDER 71.11 222.56 1922.41 0.7 0.46 -0.13 -0.22 0.85 0.7
j RIGHT_ELBOW 329.84 76.36 1925.37 0.7 0.51 0.23 -0.01 0.83 0.7
j RIGHT_HAND 610.95 145.32 1800.37 0.7 0 0 0 0 0.7
j TORSO -125.68 -8.81 1936.66 0.7 -0.01 0.02 0 1 0.7
j LEFT_HIP -235.52 -240.05 1946.8 0.7 -0.01 0.12 -0.03 0.99 0.7
j LEFT_KNEE -256.47 -680.3 1961.12 0.7 -0.11 0.12 0 0.99 0.7
j LEFT_FOOT -242.92 -1109.99 2056.83 0.7 0 0 0 0 0.7
j RIGHT_HIP -14.72 -239.73 1936.36 0.7 -0.05 1 -0.03 -0.07 0.7
j RIGHT_KNEE 29.1 -679.09 1959.72 0.7 -0.01 0.99 -0.15 -0.05 0.7
j RIGHT_FOOT 44.7 -1095.72 2087.03 0.7 0 0 0 0 0.7
t 4899845000
j HEAD -106.79 514.96 1891.88 0.7 -0.06 0.03 -0.04 1 0.7
j NECK -127.98 221.46 1930.57 0.7 -0.06 0.03 -0.04 1 0.7
j LEFT_SHOULDER -325.43 220.49 1941.28 0.7 0.25 -0.07 0.29 0.92 0.7
j LEFT_ELBOW -588.71 62.62 1854.24 0.7 0.35 -0.45 0.15 0.81 0.7
j LEFT_HAND -765.74 83.61 1585.62 0.7 0 0 0 0 0.7
j RIGHT_SHOULDER 69.48 222.44 1919.86 0.7 0.47 -0.13 -0.22 0.84 0.7
j RIGHT_ELBOW 326.49 75.68 1921.32 0.7 0.52 0.22 -0.02 0.83 0.7
j RIGHT_HAND 619.6 141.43 1796.83 0.7 0 0 0 0 0.7
j TORSO -126.58 -10.21 1935.33 0.7 -0.01 0.03 0 1 0.7
j LEFT_HIP -233.85 -242.42 1945.98 0.7 -0.01 0.12 -0.03 0.99 0.7
j LEFT_KNEE -258.78 -678.96 1958.37 0.7 -0.12 0.13 0 0.98 0.7
j LEFT_FOOT -243.26 -1093 2058.27 0.7 0 0 0 0 0.7
j RIGHT_HIP -16.5 -241.35 1934.2 0.7 -0.05 1 -0.03 -0.07 0.7
j RIGHT_KNEE 27.56 -681.99 1961.48 0.7 -0.02 0.99 -0.16 -0.06 0.7
j RIGHT_FOOT 50.12 -1101.87 2101.73 0.7 0 0 0 0 0.7
t 4899940000
j HEAD -106.39 514.09 1890.66 0.7 -0.07 0.01 -0.04 1 0.7
j NECK -128.93 221.66 1930.18 0.7 -0.07 0.01 -0.04 1 0.7
j LEFT_SHOULDER -326.99 220.03 1935.59 0.7 0.24 -0.07 0.29 0.93 0.7
j LEFT_ELBOW -580.85 66.9 1856.15 0.7 0.34 -0.44 0.16 0.81 0.7
j LEFT_HAND -751.23 77.51 1599.44 0.7 0 0 0 0 0.7
j RIGHT_SHOULDER 69.13 223.29 1924.77 0.7 0.47 -0.13 -0.22 0.84 0.7
j RIGHT_ELBOW 328.01 75.31 1927.35 0.7 0.52 0.22 -0.02 0.83 0.7
j RIGHT_HAND 616.15 140.51 1806.15 0.7 0 0 0 0 0.7
j TORSO -127.04 -10.18 1929.62 0.7 0 0.01 0 1 0.7
j LEFT_HIP -232.83 -242.91 1932 0.7 -0.03 0.11 -0.03 0.99 0.7
j LEFT_KNEE -255.24 -686.9 1959.79 0.7 -0.13 0.12 -0 0.98 0.7
j LEFT_FOOT -244.1 -1088.7 2069.35 0.7 0 0 0 0 0.7
j RIGHT_HIP -17.46 -241.13 1926.12 0.7 -0.05 1 -0.03 -0.06 0.7
j RIGHT_KNEE 26.16 -678.61 1953.43 0.7 -0.01 0.99 -0.14 -0.04 0.7
j RIGHT_FOOT 38.42 -1095.14 2076.5 0.7 0 0 0 0 0.7
t 4900108000
j HEAD -106.6 513.5 1888.67 0.7 -0.07 0.02 -0.04 1 0.7
j NECK -128.99 221.26 1929.87 0.7 -0.07 0.02 -0.04 1 0.7
j LEFT_SHOULDER -327.35 219.96 1939.66 0.7 0.23 -0.07 0.29 0.93 0.7
j LEFT_ELBOW -579.56 67.77 1861.67 0.7 0.33 -0.44 0.16 0.82 0.7
j LEFT_HAND -759.82 75.29 1593.11 0.7 0 0 0 0 0.7
j RIGHT_SHOULDER 69.36 222.56 1920.09 0.7 0.46 -0.13 -0.23 0.85 0.7
j RIGHT_ELBOW 326.35 72.13 1923 0.7 0.52 0.22 -0.02 0.83 0.7
j RIGHT_HAND 611.82 133.63 1799.18 0.7 0 0 0 0 0.7
j TORSO -127.36 -10.47 1932.19 0.7 -0.01 0.02 0 1 0.7
j LEFT_HIP -234.38 -242.91 1939.87 0.7 -0.01 0.12 -0.03 0.99 0.7
j LEFT_KNEE -255.38 -683.39 1952.82 0.7 -0.15 0.13 -0.01 0.98 0.7
j LEFT_FOOT -245.16 -1090.56 2074.99 0.7 0 0 0 0 0.7
j RIGHT_HIP -17.07 -241.49 1929.15 0.7 -0.05 1 -0.04 -0.07 0.7
j RIGHT_KNEE 26.25 -679.77 1960.36 0.7 -0 0.99 -0.14 -0.05 0.7
j RIGHT_FOOT 34.38 -1099.3 2076.94 0.7 0 0 0 0 0.7
t 4900241000
j HEAD -107.17 513.41 1886.76 0.7 -0.07 0.02 -0.04 1 0.7
j NECK -130.15 220.76 1928.29 0.7 -0.07 0.02 -0.04 1 0.7
j LEFT_SHOULDER -328.73 216 1937.18 0.7 0.23 -0.06 0.29 0.93 0.7
j LEFT_ELBOW -580.08 64.45 1861.32 0.7 0.33 -0.45 0.16 0.81 0.7
j LEFT_HAND -750.88 77.38 1594.11 0.7 0 0 0 0 0.7
j RIGHT_SHOULDER 68.42 225.53 1919.4 0.7 0.46 -0.13 -0.23 0.85 0.7
j RIGHT_ELBOW 323.85 73.96 1924.08 0.7 0.51 0.22 -0.03 0.83 0.7
j RIGHT_HAND 611.57 132.5 1797.42 0.7 0 0 0 0 0.7
j TORSO -124.52 -5.97 1932.59 0.7 -0.01 0.02 0.01 1 0.7
j LEFT_HIP -234.74 -235.49 1942.07 0.7 -0.01 0.12 -0.02 0.99 0.7
j LEFT_KNEE -252.28 -672.97 1949.06 0.7 -0.18 0.12 -0.01 0.98 0.7
j LEFT_FOOT -242.09 -1076.85 2101.93 0.7 0 0 0 0 0.7
j RIGHT_HIP -3.03 -229.93 1931.7 0.7 -0.03 1 -0.03 -0.06 0.7
j RIGHT_KNEE 24.85 -702.37 1959.83 0.7 -0 0.99 -0.11 -0.06 0.7
j RIGHT_FOOT 33.5 -1146.2 2063.52 0 0 0 0 0 0
t 4900444000
j HEAD -108 513.69 1884.4 0.7 -0.06 0.03 -0.03 1 0.7
j NECK -127.3 219 1923.3 0.7 -0.06 0.03 -0.03 1 0.7
j LEFT_SHOULDER -326.14 217.58 1934.03 0.7 0.23 -0.06 0.28 0.93 0.7
j LEFT_ELBOW -577.66 67.93 1864.02 0.7 0.32 -0.44 0.16 0.82 0.7
j LEFT_HAND -758.98 75.67 1592.25 0.7 0 0 0 0 0.7
j RIGHT_SHOULDER 71.54 220.42 1912.58 0.7 0.44 -0.14 -0.23 0.86 0.7
j RIGHT_ELBOW 327.03 69.41 1922.53 0.7 0.5 0.22 -0.03 0.84 0.7
j RIGHT_HAND 616.25 127 1793.93 0.7 0 0 0 0 0.7
j TORSO -125.35 -11.72 1928.87 0.7 -0.01 0.03 0 1 0.7
j LEFT_HIP -233.56 -243.23 1940.38 0.7 -0.04 0.13 -0.03 0.99 0.7
j LEFT_KNEE -261.14 -714.03 1985.49 0.7 -0.13 0.13 -0.01 0.98 0.7
j LEFT_FOOT -252.55 -1154.04 2103.13 0 0 0 0 0 0
j RIGHT_HIP -13.26 -241.66 1928.5 0.7 -0.04 1 -0.03 -0.07 0.7
j RIGHT_KNEE 22.32 -699.15 1956.48 0.7 -0.01 0.99 -0.12 -0.06 0.7
j RIGHT_FOOT 33.83 -1109.24 2054.86 0.7 0 0 0 0 0.7
t 4900744000
j HEAD -107.99 514.18 1882.85 0.7 -0.07 0.03 -0.04 1 0.7
j NECK -128.2 219.45 1922.59 0.7 -0.07 0.03 -0.04 1 0.7
j LEFT_SHOULDER -325.61 218.33 1935.02 0.7 0.23 -0.06 0.28 0.93 0.7
j LEFT_ELBOW -578.19 66.68 1862.08 0.7 0.33 -0.45 0.16 0.82 0.7
j LEFT_HAND -755.84 77.36 1590.2 0.7 0 0 0 0 0.7
j RIGHT_SHOULDER 69.22 220.58 1910.17 0.7 0.44 -0.14 -0.22 0.86 0.7
j RIGHT_ELBOW 326.46 71.7 1921.16 0.7 0.49 0.22 -0.03 0.84 0.7
j RIGHT_HAND 614.98 127.89 1793.85 0.7 0 0 0 0 0.7
j TORSO -126.54 -12.13 1928.02 0.7 -0.01 0.03 0 1 0.7
j LEFT_HIP -233.27 -244.33 1940.27 0.7 -0.03 0.13 -0.02 0.99 0.7
j LEFT_KNEE -252.19 -716.75 1967.12 0.7 -0.14 0.13 -0.03 0.98 0.7
j LEFT_FOOT -261.61 -1154.01 2093.83 0 0 0 0 0 0
j RIGHT_HIP -16.49 -243.1 1926.63 0.7 -0.04 1 -0.04 -0.07 0.7
j RIGHT_KNEE 26.64 -713.72 1956.92 0.7 0 0.99 -0.11 -0.06 0.7
j RIGHT_FOOT 31.21 -1157.48 2058.89 0 0 0 0 0 0
t 4901009000
j HEAD -108.82 513.26 1882.41 0.7 -0.07 0.03 -0.04 1 0.7
j NECK -128.54 219.98 1922.57 0.7 -0.07 0.03 -0.04 1 0.7
j LEFT_SHOULDER -325.58 218.76 1935.08 0.7 0.22 -0.06 0.29 0.93 0.7
j LEFT_ELBOW -575.31 65.72 1865.3 0.7 0.33 -0.45 0.16 0.81 0.7
j LEFT_HAND -752.84 76.33 1587.75 0.7 0 0 0 0 0.7
j RIGHT_SHOULDER 68.5 221.21 1910.05 0.7 0.45 -0.13 -0.22 0.86 0.7
j RIGHT_ELBOW 325.83 72.94 1919.82 0.7 0.5 0.22 -0.03 0.84 0.7
j RIGHT_HAND 614.99 128.93 1794.6 0.7 0 0 0 0 0.7
j TORSO -126.8 -11.76 1927.21 0.7 -0.01 0.03 0 1 0.7
j LEFT_HIP -233.69 -244.17 1938.75 0.7 -0.01 0.13 -0.02 0.99 0.7
j LEFT_KNEE -250.75 -682.54 1952.36 0.7 -0.14 0.13 -0.02 0.98 0.7
j LEFT_FOOT -253.01 -1111.5 2077.47 0.7 0 0 0 0 0.7
j RIGHT_HIP -16.43 -242.82 1924.95 0.7 -0.04 1 -0.04 -0.07 0.7
j RIGHT_KNEE 25.49 -686.38 1954.93 0.7 0 0.99 -0.11 -0.06 0.7
j RIGHT_FOOT 30.55 -1115.82 2049.11 0.7 0 0 0 0 0.7
t 4901140000
j HEAD -108.75 514.66 1881.72 0.7 -0.07 0.03 -0.03 1 0.7
j NECK -128.37 219.95 1921.89 0.7 -0.07 0.03 -0.03 1 0.7
j LEFT_SHOULDER -325.54 218.84 1933.63 0.7 0.22 -0.05 0.29 0.93 0.7
j LEFT_ELBOW -577.07 63.69 1864.98 0.7 0.33 -0.45 0.16 0.81 0.7
j LEFT_HAND -756.78 74.1 1584.92 0.7 0 0 0 0 0.7
j RIGHT_SHOULDER 68.79 221.06 1910.15 0.7 0.39 -0.14 -0.21 0.89 0.7
j RIGHT_ELBOW 334.8 74.71 1937.62 0.7 0.44 0.25 -0.03 0.86 0.7
j RIGHT_HAND 611.86 128.35 1796.33 0.7 0 0 0 0 0.7
j TORSO -126.8 -11.86 1926.44 0.7 -0.01 0.03 0 1 0.7
j LEFT_HIP -234.75 -244.29 1937.51 0.7 -0.01 0.13 -0.02 0.99 0.7
j LEFT_KNEE -251.13 -716.16 1947.76 0.7 -0.14 0.13 -0.02 0.98 0.7
j LEFT_FOOT -254.04 -1152.96 2071.93 0 0 0 0 0 0
j RIGHT_HIP -15.69 -243.05 1924.46 0.7 -0.04 1 -0.02 -0.07 0.7
j RIGHT_KNEE 19.7 -713.58 1944.3 0.7 -0.01 0.99 -0.11 -0.06 0.7
j RIGHT_FOOT 35.16 -1155.6 2047.19 0 0 0 0 0 0
t 4901340000
j HEAD -110.1 515.51 1880.7 0.7 -0.06 0.02 -0.04 1 0.7
j NECK -130.45 219.73 1919.51 0.7 -0.06 0.02 -0.04 1 0.7
j LEFT_SHOULDER -328.03 219.93 1928.58 0.7 0.23 -0.05 0.29 0.93 0.7
j LEFT_ELBOW -580.8 63.26 1861.7 0.7 0.33 -0.45 0.16 0.81 0.7
j LEFT_HAND -759.52 78.3 1583.57 0.7 0 0 0 0 0.7
j RIGHT_SHOULDER 67.13 219.53 1910.43 0.7 0.44 -0.16 -0.24 0.85 0.7
j RIGHT_ELBOW 307.36 64.83 1926.8 0.7 0.5 0.22 -0.03 0.84 0.7
j RIGHT_HAND 612.73 125.94 1792.16 0.7 0 0 0 0 0.7
j TORSO -130.35 -8.87 1926.74 0.7 -0.02 0.02 -0 1 0.7
j LEFT_HIP -236.49 -237.36 1938.86 0.7 -0.01 0.12 -0.03 0.99 0.7
j LEFT_KNEE -258.11 -682.12 1946.23 0.7 -0.16 0.12 -0.01 0.98 0.7
j LEFT_FOOT -247.86 -1106.78 2088.95 0.7 0 0 0 0 0.7
j RIGHT_HIP -24 -237.58 1929.1 0.7 -0.05 1 -0.01 -0.07 0.7
j RIGHT_KNEE 19.08 -693.77 1939.48 0.7 -0.01 0.99 -0.12 -0.06 0.7
j RIGHT_FOOT 33.21 -1128.6 2048.87 0.7 0 0 0 0 0.7
t 4901536000
j HEAD -115.93 513.98 1874.35 0.7 -0.06 0.01 -0.04 1 0.7
j NECK -139.93 216.45 1908.56 0.7 -0.06 0.01 -0.04 1 0.7
j LEFT_SHOULDER -342.77 213.91 1914.48 0.7 0.21 -0.03 0.29 0.93 0.7
j LEFT_ELBOW -582.35 59.67 1864.12 0.7 0.32 -0.46 0.16 0.81 0.7
j LEFT_HAND -762.44 72.41 1573.32 0.7 0 0 0 0 0.7
j RIGHT_SHOULDER 62.91 218.99 1902.64 0.7 0.43 -0.14 -0.23 0.86 0.7
j RIGHT_ELBOW 306.43 67.97 1915 0.7 0.49 0.24 -0.02 0.84 0.7
j RIGHT_HAND 585.11 131.32 1779.84 0.7 0 0 0 0 0.7
j TORSO -136.78 -13.84 1917.66 0.7 -0.02 0.01 0.01 1 0.7
j LEFT_HIP -242.55 -245.49 1929.93 0.7 -0.01 0.11 -0.03 0.99 0.7
j LEFT_KNEE -267.14 -706.99 1945.03 0.7 -0.18 0.12 -0 0.98 0.7
j LEFT_FOOT -250.32 -1113.24 2099.66 0.7 0 0 0 0 0.7
j RIGHT_HIP -24.71 -242.77 1923.58 0.7 -0.04 1 -0 -0.06 0.7
j RIGHT_KNEE 15.57 -712.39 1922.87 0.7 -0.01 0.99 -0.16 -0.05 0.7
j RIGHT_FOOT 31.89 -1143.6 2061.43 0 0 0 0 0 0
t 4901772000
j HEAD -146.76 509.07 1833.37 0.7 -0.09 0.01 -0.04 1 0.7
j NECK -169.77 208.73 1886.71 0.7 -0.09 0.01 -0.04 1 0.7
j LEFT_SHOULDER -375.37 205.32 1891.2 0.7 0.2 -0.03 0.28 0.94 0.7
j LEFT_ELBOW -620.72 57.17 1843.76 0.7 0.31 -0.49 0.14 0.81 0.7
j LEFT_HAND -772.51 77.8 1571.63 0.7 0 0 0 0 0.7
j RIGHT_SHOULDER 35.82 212.14 1882.23 0.7 0.51 -0.15 -0.23 0.82 0.7
j RIGHT_ELBOW 283.85 56.64 1884.2 0.7 0.56 0.23 0.01 0.8 0.7
j RIGHT_HAND 548.26 137.23 1782.98 0.7 0 0 0 0 0.7
j TORSO -165.74 -21.48 1896.49 0.7 -0.02 0.01 0.01 1 0.7
j LEFT_HIP -284.7 -253.74 1908.95 0.7 -0.01 0.11 -0.01 0.99 0.7
j LEFT_KNEE -294.79 -725 1914.87 0.7 -0.21 0.11 0.03 0.97 0.7
j LEFT_FOOT -249.15 -1135.87 2100.79 0 0 0 0 0 0
j RIGHT_HIP -38.72 -249.66 1903.59 0.7 -0.05 1 -0 -0.06 0.7
j RIGHT_KNEE 5.36 -719 1901.73 0.7 -0.01 0.98 -0.17 -0.04 0.7
j RIGHT_FOOT 23.93 -1145.99 2052.71 0 0 0 0 0 0
t 4902172000
j HEAD -134.21 475.69 1700.49 0.7 -0.12 0.07 -0.05 0.99 0.7
j NECK -159.22 178.29 1774.97 0.7 -0.12 0.07 -0.05 0.99 0.7
j LEFT_SHOULDER -363.58 176.35 1804.9 0.7 0.09 0.03 0.24 0.96 0.7
j LEFT_ELBOW -621.86 35.82 1807.92 0.7 0.22 -0.55 0.14 0.79 0.7
j LEFT_HAND -723.63 42.19 1534.79 0.7 0 0 0 0 0.7
j RIGHT_SHOULDER 45.14 180.24 1745.05 0.7 0.4 -0.12 -0.23 0.88 0.7
j RIGHT_ELBOW 306.99 30.28 1753.66 0.7 0.46 0.24 -0.05 0.86 0.7
j RIGHT_HAND 537.61 63.9 1634.93 0.7 0 0 0 0 0.7
j TORSO -154.27 -53.22 1793.73 0.7 -0.04 0.07 0.01 1 0.7
j LEFT_HIP -277.79 -285.96 1831.3 0.7 -0.01 0.17 -0.04 0.98 0.7
j LEFT_KNEE -314.66 -755.88 1846.07 0.7 -0.24 0.18 0.03 0.95 0.7
j LEFT_FOOT -254.01 -1158.01 2046.68 0 0 0 0 0 0
j RIGHT_HIP -20.86 -283.51 1793.68 0.7 0.23 -0.25 0.19 0.92 0.7
j RIGHT_KNEE 182.39 -652.16 1650.36 0.7 -0.36 -0.31 0 0.88 0.7
j RIGHT_FOOT 41.44 -1118.03 2048.84 0.7 0 0 0 0 0.7
t 4902372000
j HEAD -26.46 407.03 1597.69 0.7 -0.11 0.07 -0.06 0.99 0.7
j NECK -54.17 119.44 1664.6 0.7 -0.11 0.07 -0.06 0.99 0.7
j LEFT_SHOULDER -257.49 108.99 1697.06 0.7 0.13 0.07 0.29 0.95 0.7
j LEFT_ELBOW -503.28 -59.44 1713.06 0.7 0.27 -0.48 0.16 0.82 0.7
j LEFT_HAND -626.43 -60.39 1494.8 0.7 0 0 0 0 0.7
j RIGHT_SHOULDER 149.15 129.88 1632.14 0.7 0.27 0.01 -0.25 0.93 0.7
j RIGHT_ELBOW 456.87 -30.36 1577.89 0.7 0.35 0.4 -0.11 0.84 0.7
j RIGHT_HAND 626.93 -8.34 1381.4 0.7 0 0 0 0 0.7
j TORSO -41.12 -112.58 1671.69 0.7 -0.02 0.08 0.03 1 0.7
j LEFT_HIP -164.53 -351.6 1700.58 0.7 -0.04 -0.07 -0.01 1 0.7
j LEFT_KNEE -175.22 -821.59 1738 0.7 -0.31 -0.07 -0.03 0.95 0.7
j LEFT_FOOT -218.96 -1188.34 2001.08 0 0 0 0 0 0
j RIGHT_HIP 108.4 -337.58 1657 0.7 -0.08 -0.14 0 0.99 0.7
j RIGHT_KNEE 99.98 -803.67 1728.38 0.7 -0.3 -0.13 -0.02 0.94 0.7
j RIGHT_FOOT 47.27 -1173.53 1985.39 0 0 0 0 0 0
t 4902641000
j HEAD 324.61 316.85 1241.04 0.7 -0.23 0.12 -0.14 0.96 0.7
j NECK 270.92 89.79 1365.22 0.7 -0.23 0.12 -0.14 0.96 0.7
j LEFT_SHOULDER 84.15 140.92 1403.95 0.7 0.03 0.21 0.13 0.97 0.7
j LEFT_ELBOW -171.77 65.7 1522.87 0.7 0.07 -0.16 0.11 0.98 0.7
j LEFT_HAND -404.65 19.07 1438.76 0.7 0 0 0 0 0.7
j RIGHT_SHOULDER 457.69 38.67 1326.48 0.7 0.23 0.22 -0.44 0.84 0.7
j RIGHT_ELBOW 598.55 -134.85 1167.24 0.7 0.5 0.84 0.17 -0.13 0.7
j RIGHT_HAND 435.15 140.83 1302.69 0.7 0 0 0 0 0.7
j TORSO 224.33 -116.75 1413.2 0.7 -0.1 0.11 -0.12 0.98 0.7
j LEFT_HIP 65.96 -292.7 1484.37 0.7 -0.1 -0.15 -0.07 0.98 0.7
j LEFT_KNEE -14.59 -749.5 1569.5 0.7 -0.37 -0.12 -0.11 0.92 0.7
j LEFT_FOOT -145.5 -1069.51 1862.9 0 0 0 0 0 0
j RIGHT_HIP 289.54 -353.9 1438 0.7 -0.26 -0.08 -0.13 0.95 0.7
j RIGHT_KNEE 152.7 -748.03 1657.86 0.7 -0.27 -0.05 -0.02 0.96 0.7
j RIGHT_FOOT 122.62 -1135.23 1891.96 0 0 0 0 0 0
t 4902840000
j HEAD 405.73 344.94 1157.35 0.7 -0.24 0.11 -0.13 0.96 0.7
j NECK 353.48 118.2 1287 0.7 -0.24 0.11 -0.13 0.96 0.7
j LEFT_SHOULDER 193.51 157.61 1315.81 0.7 0.03 0.3 0.13 0.94 0.7
j LEFT_ELBOW -22.3 87.18 1469.5 0.7 0.07 -0.03 0.11 0.99 0.7
j LEFT_HAND -262.77 35.53 1452.16 0.7 0 0 0 0 0.7
j RIGHT_SHOULDER 513.44 78.79 1258.19 0.7 -0.07 -0.05 -0.47 0.88 0.7
j RIGHT_ELBOW 599.72 -50.25 1281.55 0.7 0.43 0.82 -0.21 0.32 0.7
j RIGHT_HAND 435.53 162.74 1015.33 0.7 0 0 0 0 0.7
j TORSO 314.79 -87.07 1352.97 0.7 -0.14 0.1 -0.11 0.98 0.7
j LEFT_HIP 192.87 -271.83 1433.93 0.7 -0.16 -0.17 -0.21 0.95 0.7
j LEFT_KNEE -18.86 -679.34 1541.24 0.7 -0.28 -0.09 -0.04 0.95 0.7
j LEFT_FOOT -72.96 -1058.81 1783.52 0 0 0 0 0 0
j RIGHT_HIP 359.34 -312.84 1403.95 0.7 -0.22 -0.12 -0.15 0.96 0.7
j RIGHT_KNEE 203.6 -719.92 1584.04 0.7 -0.24 -0.07 0.02 0.97 0.7
j RIGHT_FOOT 200.98 -1120.06 1797.37 0 0 0 0 0 0
t 4903037000
j HEAD 518.72 240.58 1020.39 0.7 -0.27 0.13 -0.26 0.92 0.7
j NECK 407.02 44.35 1173.89 0.7 -0.27 0.13 -0.26 0.92 0.7
j LEFT_SHOULDER 277.63 79.03 1214.74 0.7 -0.45 0.29 0.28 0.8 0.7
j LEFT_ELBOW 94.19 32.26 1410.1 0.7 -0.36 0.07 0.39 0.85 0.7
j LEFT_HAND -80.36 -122.35 1509.59 0.7 0 0 0 0 0.7
j RIGHT_SHOULDER 536.42 9.67 1133.04 0.7 0.13 0.09 0.58 0.8 0.7
j RIGHT_ELBOW 615.74 247.36 1135.87 0.7 -0.55 0.82 0.14 -0.09 0.7
j RIGHT_HAND 463.18 -127.04 1132.75 0.7 0 0 0 0 0.7
j TORSO 385.89 -136.77 1260.73 0.7 -0.21 0.17 -0.09 0.96 0.7
j LEFT_HIP 334.68 -309.82 1357.07 0.7 -0.07 -0.24 -0.08 0.97 0.7
j LEFT_KNEE 245.1 -770.93 1399.06 0.7 -0.38 -0.2 -0.15 0.89 0.7
j LEFT_FOOT 52.74 -1074.65 1675.43 0 0 0 0 0 0
j RIGHT_HIP 394.84 -325.95 1338.08 0.7 -0.17 -0.06 -0.12 0.98 0.7
j RIGHT_KNEE 273.73 -756.81 1486.73 0.7 -0.2 -0.03 0.01 0.98 0.7
j RIGHT_FOOT 274.57 -1173.59 1665.39 0 0 0 0 0 0
t 4903377000
j HEAD 501.64 287.11 1057.13 0.7 -0.5 0.08 -0.29 0.81 0.7
j NECK 381.89 182.56 1322.53 0.7 -0.5 0.08 -0.29 0.81 0.7
j LEFT_SHOULDER 339.33 182.37 1331.44 0.7 0.11 0.42 0.52 0.73 0.7
j LEFT_ELBOW 315.16 -32.5 1460.04 0.7 0.24 0.21 0.47 0.82 0.7
j LEFT_HAND 193.71 -265.58 1492.5 0.7 0 0 0 0 0.7
j RIGHT_SHOULDER 424.45 182.74 1313.61 0.7 -0.61 0.35 0.2 0.68 0.7
j RIGHT_ELBOW 560.52 149.05 1169.08 0.7 -0.61 0.68 -0.2 0.35 0.7
j RIGHT_HAND 556.9 -220.77 1081.89 0.7 0 0 0 0 0.7
j TORSO 382.52 -39.16 1320.91 0.7 0 0.1 0 0.99 0.7
j LEFT_HIP 295.94 -261.26 1337.57 0.7 0.06 0.55 -0.29 0.78 0.7
j LEFT_KNEE 50.62 -651.29 1438.05 0.7 -0.14 0.6 -0.15 0.77 0.7
j LEFT_FOOT 21.17 -1066.83 1617.18 0 0 0 0 0 0
j RIGHT_HIP 470.36 -260.49 1301.03 0.7 -0.22 -0.11 -0.13 0.96 0.7
j RIGHT_KNEE 327.14 -669.92 1486.14 0.7 -0.17 -0.1 0.03 0.98 0.7
j RIGHT_FOOT 336.67 -1095.21 1643.17 0 0 0 0 0 0
t 4903808000
j HEAD 510.08 320.22 1084.43 0.7 -0.38 -0 -0.15 0.91 0.7
j NECK 435.09 145.38 1268.16 0.7 -0.38 -0 -0.15 0.91 0.7
j LEFT_SHOULDER 371.05 154.18 1265 0.7 -0.16 0.36 0.53 0.75 0.7
j LEFT_ELBOW 321.86 -27.03 1455.83 0.7 0.15 -0.11 0.53 0.83 0.7
j LEFT_HAND 206.96 -263.58 1362.84 0.7 0 0 0 0 0.7
j RIGHT_SHOULDER 499.14 136.58 1271.31 0.7 -0.52 0.3 -0.06 0.8 0.7
j RIGHT_ELBOW 594.04 88.35 1222.25 0.7 -0.4 0.69 -0.33 0.5 0.7
j RIGHT_HAND 534.33 -230.66 1070.51 0.7 0 0 0 0 0.7
j TORSO 406.75 -48.05 1303.98 0.7 -0.09 -0.02 -0.07 0.99 0.7
j LEFT_HIP 316.07 -232.92 1336.74 0.7 0.07 0.59 -0.29 0.75 0.7
j LEFT_KNEE 72.76 -622.39 1444.08 0.7 -0.13 0.64 -0.12 0.74 0.7
j LEFT_FOOT 72.33 -1047.44 1602.06 0 0 0 0 0 0
j RIGHT_HIP 440.76 -250.05 1342.88 0.7 -0.13 -0.23 -0.08 0.96 0.7
j RIGHT_KNEE 342.32 -700.22 1443.18 0.7 -0.16 -0.21 0.07 0.96 0.7
j RIGHT_FOOT 373.52 -1124.97 1598.9 0 0 0 0 0 0
t 4904104000
j HEAD 505.23 340.42 1117.14 0.7 -0.07 0.29 -0.01 0.95 0.7
j NECK 511.37 61.59 1158.8 0.7 -0.07 0.29 -0.01 0.95 0.7
j LEFT_SHOULDER 392.12 143.28 1222.75 0.7 -0.5 0.2 0.56 0.63 0.7
j LEFT_ELBOW 322.39 19.76 1417.36 0.7 -0.33 0.02 0.67 0.66 0.7
j LEFT_HAND 291.29 -291.67 1582.37 0.7 0 0 0 0 0.7
j RIGHT_SHOULDER 630.62 -20.09 1094.86 0.7 0.67 0.24 0.7 -0.06 0.7
j RIGHT_ELBOW 614.95 19.21 1259.72 0.7 -0.24 0.07 0.94 -0.24 0.7
j RIGHT_HAND 353.46 -142.14 1120.18 0.7 0 0 0 0 0.7
j TORSO 442.92 -114.64 1256.28 0.7 -0.18 0.27 -0.23 0.92 0.7
j LEFT_HIP 353.92 -276.79 1364.78 0.7 0.11 0.64 -0.32 0.69 0.7
j LEFT_KNEE 80.38 -639.48 1491.42 0.7 -0.12 0.71 -0.1 0.68 0.7
j LEFT_FOOT 100.41 -1070.81 1629.91 0 0 0 0 0 0
j RIGHT_HIP 395.03 -304.95 1342.74 0.7 -0.03 -0.01 -0.04 1 0.7
j RIGHT_KNEE 358.76 -774.26 1371.76 0.7 -0.16 0.01 0.05 0.99 0.7
j RIGHT_FOOT 402.43 -1201.13 1518.4 0 0 0 0 0 0
t 4904204000
j HEAD 505.36 352.91 1132.31 0.7 -0.11 0.32 -0.01 0.94 0.7
j NECK 519.57 79.5 1191.97 0.7 -0.11 0.32 -0.01 0.94 0.7
j LEFT_SHOULDER 380.98 161.87 1285.03 0.7 -0.46 0.01 0.62 0.64 0.7
j LEFT_ELBOW 322.34 -28.61 1425.22 0.7 0.01 -0.38 0.77 0.52 0.7
j LEFT_HAND 557.31 -426.66 1221.94 0.7 0 0 0 0 0.7
j RIGHT_SHOULDER 658.15 -2.86 1098.91 0.7 0.43 0.35 0.74 -0.39 0.7
j RIGHT_ELBOW 608.75 -43.76 1236.55 0.7 -0.45 -0.18 0.73 -0.49 0.7
j RIGHT_HAND 566 -228.76 956.16 0.7 0 0 0 0 0.7
j TORSO 456.13 -109.22 1264.55 0.7 -0.12 0.3 -0.2 0.93 0.7
j LEFT_HIP 356.85 -276.65 1361.19 0.7 0.04 -0.41 0.05 0.91 0.7
j LEFT_KNEE 419.46 -743.78 1344.73 0.7 -0.31 -0.4 -0.11 0.86 0.7
j LEFT_FOOT 222.09 -1099.05 1545.88 0 0 0 0 0 0
j RIGHT_HIP 428.54 -319.25 1313.06 0.7 -0.05 0.01 -0.05 1 0.7
j RIGHT_KNEE 381.22 -786.04 1360.71 0.7 -0.16 0.03 0.05 0.98 0.7
j RIGHT_FOOT 435.14 -1213.43 1502.33 0 0 0 0 0 0
t 4904604000
j HEAD 504.67 361.11 1143 0.7 -0.16 -0.43 -0.05 0.89 0.7
j NECK 443.55 95.97 1210.38 0.7 -0.16 -0.43 -0.05 0.89 0.7
j LEFT_SHOULDER 348.81 68.86 1103.47 0.7 -0.56 0.5 0.29 0.6 0.7
j LEFT_ELBOW 239.87 136.55 1404.73 0.7 -0.25 0.02 0.57 0.78 0.7
j LEFT_HAND 128.27 -154.28 1507.55 0.7 0 0 0 0 0.7
j RIGHT_SHOULDER 538.29 123.08 1317.29 0.7 -0.26 0.82 0.42 -0.29 0.7
j RIGHT_ELBOW 347.41 -62.87 1388.56 0.7 0.49 -0.34 -0.09 0.8 0.7
j RIGHT_HAND 585.24 -216.52 1533.61 0.7 0 0 0 0 0.7
j TORSO 406.23 -67.21 1284.83 0.7 -0.23 -0.42 -0 0.88 0.7
j LEFT_HIP 280.89 -255.58 1259.96 0.7 0.11 0.88 0 -0.47 0.7
j LEFT_KNEE 184.53 -714.91 1306.16 0.7 0.07 0.87 -0.1 -0.47 0.7
j LEFT_FOOT 167.64 -1154.79 1415 0 0 0 0 0 0
j RIGHT_HIP 456.92 -205.21 1458.6 0.7 -0.02 -0.59 -0 0.81 0.7
j RIGHT_KNEE 440.7 -676.23 1475.47 0.7 -0.09 -0.59 0.14 0.79 0.7
j RIGHT_FOOT 497.81 -1104.15 1614.21 0 0 0 0 0 0
t 4905068000
j HEAD 503.82 373.85 1151.56 0.7 -0.17 -0.08 -0.1 0.98 0.7
j NECK 439.54 113.44 1239.87 0.7 -0.17 -0.08 -0.1 0.98 0.7
j LEFT_SHOULDER 371.71 119.51 1228.29 0.7 -0.41 0.37 0.43 0.72 0.7
j LEFT_ELBOW 280.19 37.83 1452.34 0.7 -0.14 -0.03 0.58 0.8 0.7
j LEFT_HAND 186.5 -223.75 1484.05 0.7 0 0 0 0 0.7
j RIGHT_SHOULDER 507.37 107.37 1251.45 0.7 -0.45 0.84 0.25 -0.18 0.7
j RIGHT_ELBOW 368.41 -107.33 1271 0.7 0.49 -0.49 0.13 0.71 0.7
j RIGHT_HAND 488.78 -179.71 1470.65 0.7 0 0 0 0 0.7
j TORSO 413.74 -84 1287.6 0.7 -0.12 -0.08 -0.05 0.99 0.7
j LEFT_HIP 298.29 -273.42 1320.04 0.7 0.09 0.69 -0.23 0.68 0.7
j LEFT_KNEE 91.14 -685.97 1416.45 0.7 -0.13 0.73 -0.01 0.67 0.7
j LEFT_FOOT 171.06 -1124.27 1500.93 0 0 0 0 0 0
j RIGHT_HIP 477.58 -289.45 1350.64 0.7 -0.05 -0.27 -0.02 0.96 0.7
j RIGHT_KNEE 448.54 -758.77 1386.72 0.7 -0.14 -0.25 0.1 0.95 0.7
j RIGHT_FOOT 502.06 -1186.95 1526.1 0 0 0 0 0 0
t 4905168000
j HEAD 504.41 377.16 1159.75 0.7 0.03 0.23 0.05 0.97 0.7
j NECK 540.02 0.49 1130.47 0.7 0.03 0.23 0.05 0.97 0.7
j LEFT_SHOULDER 430.84 95.88 1160.31 0.7 -0.62 0.33 0.36 0.61 0.7
j LEFT_ELBOW 309 87.38 1359.59 0.7 -0.28 -0.1 0.66 0.69 0.7
j LEFT_HAND 280.76 -195.65 1426.17 0.7 0 0 0 0 0.7
j RIGHT_SHOULDER 649.2 -94.9 1100.64 0.7 0.09 0.34 0.93 -0.12 0.7
j RIGHT_ELBOW 412.82 -133.39 1162.12 0.7 0.86 0.01 -0.36 0.36 0.7
j RIGHT_HAND 572.37 -183.76 1029.5 0.7 0 0 0 0 0.7
j TORSO 461.32 -125.41 1244.97 0.7 -0.27 0.2 -0.3 0.89 0.7
j LEFT_HIP 302.61 -181.41 1381.32 0.7 0.07 0.71 -0.18 0.68 0.7
j LEFT_KNEE 137.72 -616.13 1460.34 0.7 -0.11 0.73 -0.02 0.67 0.7
j LEFT_FOOT 196.88 -1058.26 1541.88 0 0 0 0 0 0
j RIGHT_HIP 462.62 -321.21 1337.6 0.7 0.03 -0.01 -0.02 1 0.7
j RIGHT_KNEE 442.6 -791.48 1308.5 0.7 -0.14 0 0.07 0.99 0.7
j RIGHT_FOOT 502.16 -1222.06 1437.63 0 0 0 0 0 0
t 4905237000
j HEAD 503.9 378.29 1166.55 0.7 0.03 0.23 0.05 0.97 0.7
j NECK 533.6 9.17 1135.69 0.7 0.03 0.23 0.05 0.97 0.7
j LEFT_SHOULDER 433.67 95.24 1167.39 0.7 -0.65 0.23 0.42 0.59 0.7
j LEFT_ELBOW 299.63 46.31 1369.86 0.7 -0.35 -0.09 0.68 0.63 0.7
j LEFT_HAND 287.93 -196.78 1465.37 0.7 0 0 0 0 0.7
j RIGHT_SHOULDER 633.53 -76.9 1103.99 0.7 0.01 0.52 0.84 -0.16 0.7
j RIGHT_ELBOW 445.81 -126.92 1140.78 0.7 0.76 -0.06 -0.34 0.54 0.7
j RIGHT_HAND 594.63 -218.81 1050.76 0.7 0 0 0 0 0.7
j TORSO 445.44 -133.28 1244.55 0.7 -0.23 0.21 -0.3 0.9 0.7
j LEFT_HIP 265.43 -196.62 1382.55 0.7 0.07 0.71 -0.18 0.67 0.7
j LEFT_KNEE 103.96 -632.9 1459.94 0.7 -0.11 0.73 -0.01 0.67 0.7
j LEFT_FOOT 173.36 -1075.07 1532.72 0 0 0 0 0 0
j RIGHT_HIP 449.14 -354.85 1324.27 0.7 0.03 -0.03 0.05 1 0.7
j RIGHT_KNEE 494.59 -823.65 1300.5 0.7 -0.14 -0.03 0.07 0.99 0.7
j RIGHT_FOOT 555.72 -1255.05 1426.13 0 0 0 0 0 0
