FPS 30
SPF 15
jt HEAD
jt NECK
jt LEFT_SHOULDER
jt LEFT_ELBOW
jt LEFT_HAND
jt RIGHT_SHOULDER
jt RIGHT_ELBOW
jt RIGHT_HAND
jt TORSO
jt LEFT_HIP
jt LEFT_KNEE
jt LEFT_FOOT
jt RIGHT_HIP
jt RIGHT_KNEE
jt RIGHT_FOOT
t 8844327000
j HEAD -99.7 657.76 1897.43 1 -0.01 -0.02 0 1 1
j NECK -98.63 446.96 1901.42 1 -0.01 -0.02 0 1 1
j LEFT_SHOULDER -249.31 445.6 1894.91 1 -0.14 -0.05 0.62 0.77 1
j LEFT_ELBOW -319.58 156.37 1921.55 1 -0.04 -0.18 0.64 0.74 1
j LEFT_HAND -350.9 -122.22 1857.47 1 0 0 0 0 1
j RIGHT_SHOULDER 52.05 448.32 1907.92 1 -0.27 0.16 -0.6 0.74 1
j RIGHT_ELBOW 122.23 161.05 1934.81 1 -0.15 0.29 -0.59 0.74 1
j RIGHT_HAND 164.82 -134.04 1860.07 1 0 0 0 0 1
j TORSO -96.66 233.26 1900.5 1 0 -0.02 0 1 1
j LEFT_HIP -193.24 18.67 1895.32 1 -0.04 -0.71 0.01 0.7 1
j LEFT_KNEE -210.35 -407.22 1926.77 1 -0.05 -0.71 0.04 0.7 1
j LEFT_FOOT -219.02 -814.92 1977.14 1 0 0 0 0 1
j RIGHT_HIP 3.84 20.45 1903.83 1 -0.02 -0.28 0.05 0.96 1
j RIGHT_KNEE 39.99 -404.26 1935.33 1 -0.07 -0.28 0.02 0.96 1
j RIGHT_FOOT 42.92 -810.97 1994.11 1 0 0 0 0 1
t 8844390000
j HEAD -99.6 656.87 1897.61 1 -0.01 -0.02 0 1 1
j NECK -98.46 445.38 1901.18 1 -0.01 -0.02 0 1 1
j LEFT_SHOULDER -249.13 443.7 1894.48 1 -0.14 -0.06 0.62 0.77 1
j LEFT_ELBOW -319.43 156.05 1920.47 1 -0.04 -0.18 0.64 0.74 1
j LEFT_HAND -349.41 -122.78 1856.77 1 0 0 0 0 1
j RIGHT_SHOULDER 52.21 447.07 1907.89 1 -0.27 0.16 -0.6 0.74 1
j RIGHT_ELBOW 121.83 156.55 1935.34 1 -0.15 0.29 -0.59 0.74 1
j RIGHT_HAND 165.58 -138.29 1860.19 1 0 0 0 0 1
j TORSO -96.03 231.69 1900.45 1 0 -0.02 0.01 1 1
j LEFT_HIP -192.14 16.89 1895.33 1 -0.05 -0.71 0.02 0.7 1
j LEFT_KNEE -209.18 -408.43 1933.69 1 -0.04 -0.71 0.02 0.7 1
j LEFT_FOOT -221.76 -817.39 1971.2 1 0 0 0 0 1
j RIGHT_HIP 4.92 19.1 1904.1 1 -0.02 -0.28 0.05 0.96 1
j RIGHT_KNEE 38.98 -406.07 1931.54 1 -0.08 -0.28 0.03 0.96 1
j RIGHT_FOOT 44.66 -811.61 1997.65 1 0 0 0 0 1
t 8844522000
j HEAD -100.97 658.24 1897.27 1 -0.01 -0.02 0 1 1
j NECK -99.03 446.85 1901.66 1 -0.01 -0.02 0 1 1
j LEFT_SHOULDER -249.72 444.76 1895.52 1 -0.14 -0.06 0.62 0.77 1
j LEFT_ELBOW -319.06 154.8 1919.25 1 -0.04 -0.19 0.65 0.74 1
j LEFT_HAND -343.66 -124.21 1854.1 1 0 0 0 0 1
j RIGHT_SHOULDER 51.66 448.94 1907.81 1 -0.27 0.16 -0.6 0.74 1
j RIGHT_ELBOW 121.84 157.47 1933.21 1 -0.15 0.29 -0.59 0.74 1
j RIGHT_HAND 160.96 -137.81 1857.25 1 0 0 0 0 1
j TORSO -96.05 233.16 1901.16 1 0 -0.02 0.01 1 1
j LEFT_HIP -191.62 18.11 1896.64 1 -0.04 -0.71 0.01 0.7 1
j LEFT_KNEE -209.41 -407.57 1930.56 1 -0.05 -0.71 0.03 0.7 1
j LEFT_FOOT -223.5 -815.75 1975.8 1 0 0 0 0 1
j RIGHT_HIP 5.47 20.84 1904.68 1 -0.02 -0.28 0.04 0.96 1
j RIGHT_KNEE 37.78 -404.59 1930.07 1 -0.08 -0.28 0.03 0.96 1
j RIGHT_FOOT 43.82 -809.27 2001.3 1 0 0 0 0 1
t 8844594000
j HEAD -101.33 657.26 1897.05 1 -0.01 -0.02 0.01 1 1
j NECK -98.63 445.26 1901.21 1 -0.01 -0.02 0.01 1 1
j LEFT_SHOULDER -249.31 443.2 1894.71 1 -0.14 -0.06 0.62 0.77 1
j LEFT_ELBOW -318.71 154.79 1918.37 1 -0.04 -0.19 0.65 0.73 1
j LEFT_HAND -341.1 -123.92 1851.19 1 0 0 0 0 1
j RIGHT_SHOULDER 52.04 447.31 1907.72 1 -0.27 0.16 -0.6 0.74 1
j RIGHT_ELBOW 120.04 155.34 1933.5 1 -0.15 0.29 -0.59 0.74 1
j RIGHT_HAND 160.85 -139.28 1855.85 1 0 0 0 0 1
j TORSO -95.71 231.57 1900.91 1 0 -0.02 0.01 1 1
j LEFT_HIP -191.31 16.54 1896.36 1 -0.04 -0.71 0.01 0.7 1
j LEFT_KNEE -210 -409.17 1929.53 1 -0.05 -0.71 0.03 0.7 1
j LEFT_FOOT -223.72 -817.43 1974.35 1 0 0 0 0 1
j RIGHT_HIP 5.75 19.22 1904.87 1 -0.02 -0.28 0.04 0.96 1
j RIGHT_KNEE 36.19 -406.11 1933.87 1 -0.07 -0.28 0.03 0.96 1
j RIGHT_FOOT 44.52 -811.79 1998.93 1 0 0 0 0 1
t 8844730000
j HEAD -103.01 657.82 1897.26 1 -0.01 -0.02 0.01 1 1
j NECK -100.15 445.71 1902.04 1 -0.01 -0.02 0.01 1 1
j LEFT_SHOULDER -250.85 443.57 1895.99 1 -0.14 -0.06 0.62 0.77 1
j LEFT_ELBOW -318.9 154.58 1918.43 1 -0.03 -0.19 0.65 0.73 1
j LEFT_HAND -339.95 -124.29 1851.43 1 0 0 0 0 1
j RIGHT_SHOULDER 50.54 447.86 1908.09 1 -0.27 0.16 -0.6 0.74 1
j RIGHT_ELBOW 120.98 156.91 1932.58 1 -0.15 0.29 -0.59 0.74 1
j RIGHT_HAND 160.27 -138.45 1856.99 1 0 0 0 0 1
j TORSO -97.11 232.03 1901.96 1 0 -0.02 0.01 1 1
j LEFT_HIP -192.62 16.94 1897.92 1 -0.04 -0.71 0.01 0.7 1
j LEFT_KNEE -211.52 -408.64 1932.76 1 -0.05 -0.71 0.03 0.7 1
j LEFT_FOOT -221.8 -816.93 1978.12 1 0 0 0 0 1
j RIGHT_HIP 4.48 19.74 1905.83 1 -0.02 -0.28 0.05 0.96 1
j RIGHT_KNEE 38.32 -405.42 1933.73 1 -0.08 -0.28 0.03 0.96 1
j RIGHT_FOOT 41.57 -811.05 1999.62 1 0 0 0 0 1
t 8844863000
j HEAD -106.43 657.92 1891.48 1 -0.02 -0.02 0.01 1 1
j NECK -102.7 445.86 1899.95 1 -0.02 -0.02 0.01 1 1
j LEFT_SHOULDER -253.41 443.25 1894.55 1 -0.14 -0.06 0.62 0.77 1
j LEFT_ELBOW -318.98 153.84 1919.26 1 -0.03 -0.19 0.65 0.73 1
j LEFT_HAND -340.01 -124.68 1850.87 1 0 0 0 0 1
j RIGHT_SHOULDER 48.01 448.47 1905.35 1 -0.28 0.16 -0.59 0.74 1
j RIGHT_ELBOW 121.09 157.44 1931.94 1 -0.16 0.29 -0.59 0.74 1
j RIGHT_HAND 162.63 -137.67 1856.62 1 0 0 0 0 1
j TORSO -99.08 232.2 1902.21 1 -0.01 -0.02 0.01 1 1
j LEFT_HIP -194.02 16.83 1900.94 1 -0.04 -0.71 0.01 0.71 1
j LEFT_KNEE -210.1 -409.18 1931.47 1 -0.05 -0.71 0.03 0.71 1
j LEFT_FOOT -221.94 -817.35 1977.7 1 0 0 0 0 1
j RIGHT_HIP 3.09 20.24 1908 1 -0.02 -0.28 0.04 0.96 1
j RIGHT_KNEE 34.99 -405.26 1932.79 1 -0.08 -0.28 0.04 0.96 1
j RIGHT_FOOT 44.57 -809.64 2005.25 1 0 0 0 0 1
t 8845058000
j HEAD -105.76 657.76 1889.53 1 -0.02 -0.01 0.01 1 1
j NECK -102.29 446.29 1898.36 1 -0.02 -0.01 0.01 1 1
j LEFT_SHOULDER -253.05 443.59 1894.81 1 -0.13 -0.05 0.62 0.77 1
j LEFT_ELBOW -318.93 152.44 1918.74 1 -0.03 -0.18 0.66 0.73 1
j LEFT_HAND -339 -126.59 1852.11 1 0 0 0 0 1
j RIGHT_SHOULDER 48.47 448.99 1901.91 1 -0.28 0.16 -0.59 0.74 1
j RIGHT_ELBOW 121.66 160.55 1929.67 1 -0.16 0.29 -0.59 0.73 1
j RIGHT_HAND 162.67 -135.38 1857.29 1 0 0 0 0 1
j TORSO -98.53 232.64 1901.4 1 -0.01 -0.01 0.01 1 1
j LEFT_HIP -193.36 17.22 1902.12 1 -0.04 -0.7 0.01 0.71 1
j LEFT_KNEE -208.91 -408.76 1933.45 1 -0.05 -0.7 0.03 0.71 1
j LEFT_FOOT -220.16 -817.34 1976.14 1 0 0 0 0 1
j RIGHT_HIP 3.81 20.75 1906.76 1 -0.02 -0.27 0.04 0.96 1
j RIGHT_KNEE 35.5 -404.6 1934.18 1 -0.07 -0.27 0.03 0.96 1
j RIGHT_FOOT 41.95 -810.59 1997.07 1 0 0 0 0 1
t 8845159000
j HEAD -107.17 655.99 1884.1 1 -0.03 -0.01 0.01 1 1
j NECK -104.38 445.02 1895.58 1 -0.03 -0.01 0.01 1 1
j LEFT_SHOULDER -255.15 442.68 1892.03 1 -0.14 -0.05 0.62 0.77 1
j LEFT_ELBOW -318.91 152.46 1919.02 1 -0.03 -0.18 0.66 0.73 1
j LEFT_HAND -338.69 -126.68 1852.74 1 0 0 0 0 1
j RIGHT_SHOULDER 46.39 447.35 1899.13 1 -0.28 0.16 -0.59 0.74 1
j RIGHT_ELBOW 120.9 160 1928.02 1 -0.17 0.29 -0.59 0.73 1
j RIGHT_HAND 159.18 -136.54 1856.68 1 0 0 0 0 1
j TORSO -101.19 231.4 1900.68 1 -0.01 -0.01 0.01 1 1
j LEFT_HIP -196.59 16.27 1903.46 1 -0.04 -0.7 0.01 0.71 1
j LEFT_KNEE -212.17 -409.8 1933.42 1 -0.05 -0.7 0.03 0.71 1
j LEFT_FOOT -224.56 -818.02 1979.18 1 0 0 0 0 1
j RIGHT_HIP 0.59 19.32 1908.1 1 -0.02 -0.27 0.04 0.96 1
j RIGHT_KNEE 31.44 -406.3 1931.91 1 -0.07 -0.27 0.04 0.96 1
j RIGHT_FOOT 44.82 -811.41 1999.16 1 0 0 0 0 1
t 8845258000
j HEAD -106.95 656.97 1887.53 1 -0.02 -0.02 0.01 1 1
j NECK -102.78 445.22 1896.69 1 -0.02 -0.02 0.01 1 1
j LEFT_SHOULDER -253.51 442.05 1892.15 1 -0.14 -0.05 0.62 0.77 1
j LEFT_ELBOW -319.28 153.95 1920.42 1 -0.03 -0.19 0.65 0.73 1
j LEFT_HAND -342.15 -124.57 1852.57 1 0 0 0 0 1
j RIGHT_SHOULDER 47.94 448.39 1901.23 1 -0.28 0.16 -0.6 0.74 1
j RIGHT_ELBOW 117.96 163.02 1930.28 1 -0.16 0.29 -0.59 0.74 1
j RIGHT_HAND 160.57 -130 1854.95 1 0 0 0 0 1
j TORSO -98.38 231.58 1899.64 1 -0.01 -0.02 0.01 1 1
j LEFT_HIP -192.53 15.87 1899.62 1 -0.04 -0.71 0.01 0.71 1
j LEFT_KNEE -208.89 -410.16 1929.67 1 -0.05 -0.7 0.03 0.71 1
j LEFT_FOOT -222.42 -818.25 1976.16 1 0 0 0 0 1
j RIGHT_HIP 4.59 20.02 1905.55 1 -0.01 -0.27 0.04 0.96 1
j RIGHT_KNEE 34.1 -405.81 1927.14 1 -0.08 -0.27 0.04 0.96 1
j RIGHT_FOOT 45.12 -810.88 1995.57 1 0 0 0 0 1
t 8845359000
j HEAD -106.4 658.97 1890.56 1 -0.02 -0.02 0.01 1 1
j NECK -101.79 447.45 1897.43 1 -0.02 -0.02 0.01 1 1
j LEFT_SHOULDER -252.48 443.88 1892.17 1 -0.14 -0.05 0.62 0.77 1
j LEFT_ELBOW -321.73 153.54 1922.13 1 -0.03 -0.19 0.65 0.74 1
j LEFT_HAND -348.06 -124.44 1853.36 1 0 0 0 0 1
j RIGHT_SHOULDER 48.91 451.02 1902.7 1 -0.28 0.16 -0.6 0.73 1
j RIGHT_ELBOW 116.74 168.51 1932.82 1 -0.15 0.29 -0.57 0.75 1
j RIGHT_HAND 168.47 -118.37 1849.94 1 0 0 0 0 1
j TORSO -96.78 233.81 1898.98 1 -0 -0.02 0.01 1 1
j LEFT_HIP -190.33 17.84 1897.08 1 -0.04 -0.71 0.01 0.71 1
j LEFT_KNEE -207.09 -408.12 1928.02 1 -0.06 -0.71 0.03 0.71 1
j LEFT_FOOT -225.49 -815.49 1978.89 1 0 0 0 0 1
j RIGHT_HIP 6.76 22.5 1903.97 1 -0.02 -0.28 0.04 0.96 1
j RIGHT_KNEE 34.46 -403.34 1927.86 1 -0.08 -0.28 0.04 0.96 1
j RIGHT_FOOT 45.6 -808.31 1996.79 1 0 0 0 0 1
t 8845426000
j HEAD -106.71 661.62 1897.13 1 -0 -0.02 0.01 1 1
j NECK -102.27 449.96 1899.06 1 -0 -0.02 0.01 1 1
j LEFT_SHOULDER -252.97 446.59 1893.79 1 -0.14 -0.05 0.61 0.78 1
j LEFT_ELBOW -327.29 154.16 1925.61 1 -0.03 -0.19 0.64 0.74 1
j LEFT_HAND -359.24 -122.46 1853.88 1 0 0 0 0 1
j RIGHT_SHOULDER 48.43 453.34 1904.32 1 -0.28 0.16 -0.6 0.74 1
j RIGHT_ELBOW 118.45 164.12 1934.49 1 -0.14 0.29 -0.55 0.77 1
j RIGHT_HAND 189.97 -119.31 1845.35 1 0 0 0 0 1
j TORSO -97.42 236.33 1897.04 1 0 -0.02 0.01 1 1
j LEFT_HIP -191.11 20.5 1891.58 1 -0.04 -0.71 0.01 0.71 1
j LEFT_KNEE -213.21 -405.2 1922.57 1 -0.06 -0.7 0.03 0.71 1
j LEFT_FOOT -229.54 -811.89 1979.32 1 0 0 0 0 1
j RIGHT_HIP 5.98 24.91 1898.47 1 -0.02 -0.28 0.04 0.96 1
j RIGHT_KNEE 31.04 -400.85 1926.31 1 -0.07 -0.28 0.03 0.96 1
j RIGHT_FOOT 41.83 -807.04 1987.69 1 0 0 0 0 1
t 8845591000
j HEAD -107.54 661.6 1897.56 1 -0 -0.02 0.01 1 1
j NECK -102.96 450.29 1897.77 1 -0 -0.02 0.01 1 1
j LEFT_SHOULDER -253.67 447.03 1892.68 1 -0.15 -0.04 0.59 0.79 1
j LEFT_ELBOW -347.81 145.05 1932.22 1 -0.04 -0.18 0.58 0.8 1
j LEFT_HAND -427.97 -126.8 1861.13 1 0 0 0 0 1
j RIGHT_SHOULDER 47.75 453.55 1902.86 1 -0.29 0.14 -0.57 0.75 1
j RIGHT_ELBOW 141.13 164.52 1937.46 1 -0.18 0.26 -0.49 0.81 1
j RIGHT_HAND 260.38 -109.27 1860.34 1 0 0 0 0 1
j TORSO -98.24 236.66 1894.79 1 0.01 -0.02 0.01 1 1
j LEFT_HIP -192.08 20.9 1888.49 1 -0.05 -0.71 0.02 0.71 1
j LEFT_KNEE -210.05 -404.39 1926.75 1 -0.06 -0.7 0.02 0.71 1
j LEFT_FOOT -229.84 -812.03 1974.72 1 0 0 0 0 1
j RIGHT_HIP 5.03 25.16 1895.14 1 -0.03 -0.28 0.04 0.96 1
j RIGHT_KNEE 30.22 -400.44 1925.38 1 -0.07 -0.28 0.04 0.96 1
j RIGHT_FOOT 43.02 -805.99 1990.3 1 0 0 0 0 1
t 8845691000
j HEAD -108.99 663.65 1897.5 1 0 -0.02 0.01 1 1
j NECK -104.51 452.35 1897.31 1 0 -0.02 0.01 1 1
j LEFT_SHOULDER -255.19 449.23 1891.22 1 -0.16 -0.04 0.55 0.82 1
j LEFT_ELBOW -376.15 158.29 1926.57 1 -0.06 -0.17 0.52 0.83 1
j LEFT_HAND -496.87 -109.85 1858 1 0 0 0 0 1
j RIGHT_SHOULDER 46.16 455.47 1903.4 1 -0.3 0.13 -0.52 0.79 1
j RIGHT_ELBOW 175.82 177.1 1937.96 1 -0.21 0.25 -0.44 0.84 1
j RIGHT_HAND 327.3 -82.6 1865.66 1 0 0 0 0 1
j TORSO -99.99 238.7 1894.89 1 0.01 -0.02 0.01 1 1
j LEFT_HIP -194.01 23.02 1888.49 1 -0.05 -0.71 0.02 0.7 1
j LEFT_KNEE -210.63 -402.18 1928.61 1 -0.06 -0.71 0.03 0.7 1
j LEFT_FOOT -227.85 -810 1976.32 1 0 0 0 0 1
j RIGHT_HIP 3.06 27.1 1896.45 1 -0.03 -0.28 0.04 0.96 1
j RIGHT_KNEE 30.26 -398.32 1927.45 1 -0.07 -0.28 0.04 0.96 1
j RIGHT_FOOT 44.17 -803.66 1993.55 1 0 0 0 0 1
t 8845827000
j HEAD -110.29 664.87 1898.7 1 -0 -0.02 0.01 1 1
j NECK -105.96 454.61 1898.96 1 -0 -0.02 0.01 1 1
j LEFT_SHOULDER -256.64 451.44 1893.2 1 -0.15 -0.06 0.47 0.87 1
j LEFT_ELBOW -421.05 197.56 1906.78 1 -0.07 -0.17 0.39 0.9 1
j LEFT_HAND -612.35 -19.04 1831.91 1 0 0 0 0 1
j RIGHT_SHOULDER 44.73 457.77 1904.71 1 -0.31 0.11 -0.45 0.83 1
j RIGHT_ELBOW 211.19 223.03 1930.07 1 -0.24 0.23 -0.32 0.89 1
j RIGHT_HAND 417.23 19.61 1853.74 1 0 0 0 0 1
j TORSO -101.34 240.98 1895.49 1 0.01 -0.02 0.01 1 1
j LEFT_HIP -195.26 25.28 1888.27 1 -0.05 -0.71 0.01 0.71 1
j LEFT_KNEE -214.51 -400.06 1925.36 1 -0.06 -0.71 0.04 0.71 1
j LEFT_FOOT -225.79 -807.39 1977.88 1 0 0 0 0 1
j RIGHT_HIP 1.82 29.41 1895.8 1 -0.03 -0.28 0.04 0.96 1
j RIGHT_KNEE 28.47 -396.07 1926.48 1 -0.07 -0.28 0.04 0.96 1
j RIGHT_FOOT 42.63 -801.74 1990.68 1 0 0 0 0 1
t 8846023000
j HEAD -110.71 665.04 1897.33 1 -0.01 -0.02 0.01 1 1
j NECK -104.58 455.44 1900.3 1 -0.01 -0.02 0.01 1 1
j LEFT_SHOULDER -255.24 451.09 1894.74 1 -0.14 -0.09 0.28 0.95 1
j LEFT_ELBOW -497.3 290.86 1869.65 1 -0.1 -0.15 0.13 0.98 1
j LEFT_HAND -766.96 206.42 1794.6 1 0 0 0 0 1
j RIGHT_SHOULDER 46.08 459.78 1905.86 1 -0.34 0.08 -0.26 0.9 1
j RIGHT_ELBOW 291.01 311.28 1917.46 1 -0.3 0.17 -0.07 0.94 1
j RIGHT_HAND 565.94 242.78 1835.16 1 0 0 0 0 1
j TORSO -98.39 241.82 1899.29 1 0 -0.02 0.01 1 1
j LEFT_HIP -190.72 25.37 1894.65 1 -0.05 -0.71 0.02 0.71 1
j LEFT_KNEE -207.57 -399.92 1933.39 1 -0.05 -0.71 0.02 0.71 1
j LEFT_FOOT -225.91 -808.08 1977.06 1 0 0 0 0 1
j RIGHT_HIP 6.33 31.05 1901.92 1 -0.02 -0.28 0.04 0.96 1
j RIGHT_KNEE 31.03 -394.63 1930.9 1 -0.07 -0.28 0.04 0.96 1
j RIGHT_FOOT 46.84 -800.55 1993.03 1 0 0 0 0 1
t 8846123000
j HEAD -109.93 664.8 1897.71 1 -0.01 -0.02 0.01 1 1
j NECK -104.42 456.26 1900.04 1 -0.01 -0.02 0.01 1 1
j LEFT_SHOULDER -255.1 451.97 1895 1 -0.13 -0.09 0.15 0.98 1
j LEFT_ELBOW -524.82 362.97 1857.15 1 -0.11 -0.11 0 0.99 1
j LEFT_HAND -819.53 352.21 1789.19 1 0 0 0 0 1
j RIGHT_SHOULDER 46.27 460.55 1905.08 1 -0.35 0.04 -0.14 0.92 1
j RIGHT_ELBOW 328.26 376.82 1913.76 1 -0.32 0.14 0.08 0.93 1
j RIGHT_HAND 615.87 394.72 1817.9 1 0 0 0 0 1
j TORSO -98.34 242.64 1900.15 1 -0 -0.02 0.01 1 1
j LEFT_HIP -190.81 26.21 1896.96 1 -0.05 -0.71 0.01 0.71 1
j LEFT_KNEE -210.04 -399.23 1932.99 1 -0.05 -0.71 0.02 0.71 1
j LEFT_FOOT -227.34 -807.39 1977.44 1 0 0 0 0 1
j RIGHT_HIP 6.27 31.82 1903.56 1 -0.02 -0.28 0.04 0.96 1
j RIGHT_KNEE 30.43 -394.18 1928.31 1 -0.07 -0.28 0.04 0.96 1
j RIGHT_FOOT 44.17 -799.33 1995.68 1 0 0 0 0 1
t 8846254000
j HEAD -110.36 666.55 1897.38 1 -0 -0.02 0.01 1 1
j NECK -105.1 458.45 1898.31 1 -0 -0.02 0.01 1 1
j LEFT_SHOULDER -255.77 454.35 1892.68 1 -0.12 -0.08 0.04 0.99 1
j LEFT_ELBOW -534.44 427.75 1850.02 1 -0.11 -0.08 -0.13 0.98 1
j LEFT_HAND -825.13 499.36 1791.21 1 0 0 0 0 1
j RIGHT_SHOULDER 45.57 462.56 1903.94 1 -0.36 0 -0.04 0.93 1
j RIGHT_ELBOW 338.57 441.7 1911.53 1 -0.34 0.1 0.2 0.91 1
j RIGHT_HAND 614.35 532.36 1815.48 1 0 0 0 0 1
j TORSO -99.26 244.83 1897.87 1 0 -0.02 0.01 1 1
j LEFT_HIP -191.95 28.51 1893.75 1 -0.04 -0.71 0.02 0.71 1
j LEFT_KNEE -209.18 -397.02 1929.86 1 -0.05 -0.71 0.02 0.7 1
j LEFT_FOOT -227.05 -805.22 1974.07 1 0 0 0 0 1
j RIGHT_HIP 5.11 33.88 1901.12 1 -0.02 -0.28 0.04 0.96 1
j RIGHT_KNEE 30.99 -392.04 1925.56 1 -0.08 -0.28 0.04 0.96 1
j RIGHT_FOOT 43.54 -797.04 1993.89 1 0 0 0 0 1
t 8846426000
j HEAD -110.69 666.03 1902.39 1 0.02 -0.02 0.01 1 1
j NECK -104.39 459.88 1895.62 1 0.02 -0.02 0.01 1 1
j LEFT_SHOULDER -254.97 454.56 1888.84 1 -0.11 -0.07 -0.08 0.99 1
j LEFT_ELBOW -537.62 495.92 1843.53 1 -0.1 -0.04 -0.25 0.96 1
j LEFT_HAND -803.97 641.79 1804.83 1 0 0 0 0 1
j RIGHT_SHOULDER 46.19 465.21 1902.41 1 0.44 0.03 0.06 0.9 1
j RIGHT_ELBOW 324.41 501.08 1902.94 1 0.41 0.26 0.17 0.86 1
j RIGHT_HAND 570.08 654.45 1808.4 1 0 0 0 0 1
j TORSO -96.71 246.35 1892.64 1 0.01 -0.02 0.02 1 1
j LEFT_HIP -187.49 29.33 1885.23 1 -0.05 -0.71 0.02 0.7 1
j LEFT_KNEE -205.82 -396 1923.16 1 -0.06 -0.71 0.03 0.7 1
j LEFT_FOOT -225.29 -803.41 1973.2 1 0 0 0 0 1
j RIGHT_HIP 9.45 36.29 1894.1 1 -0.02 -0.28 0.04 0.96 1
j RIGHT_KNEE 33.64 -389.73 1918.53 1 -0.08 -0.28 0.04 0.96 1
j RIGHT_FOOT 44.55 -794.73 1987.16 1 0 0 0 0 1
t 8846554000
j HEAD -110.35 662.02 1899.86 1 0.02 -0.02 0.02 1 1
j NECK -103.95 457.88 1890.36 1 0.02 -0.02 0.02 1 1
j LEFT_SHOULDER -254.55 452.46 1884.16 1 -0.1 -0.05 -0.16 0.98 1
j LEFT_ELBOW -513 537.22 1846.78 1 -0.09 -0.01 -0.35 0.93 1
j LEFT_HAND -745.22 733.37 1822.6 1 0 0 0 0 1
j RIGHT_SHOULDER 46.66 463.3 1896.55 1 0.43 0.07 0.15 0.89 1
j RIGHT_ELBOW 301.73 551.49 1899.75 1 0.38 0.28 0.26 0.84 1
j RIGHT_HAND 515.88 751.34 1815.09 1 0 0 0 0 1
j TORSO -96.12 244.35 1886.73 1 0.01 -0.02 0.02 1 1
j LEFT_HIP -186.78 27.28 1879.06 1 -0.05 -0.71 0.02 0.7 1
j LEFT_KNEE -207.61 -397.24 1923.99 1 -0.06 -0.71 0.03 0.7 1
j LEFT_FOOT -227.32 -804.8 1973.01 1 0 0 0 0 1
j RIGHT_HIP 10.2 34.36 1887.16 1 -0.03 -0.28 0.03 0.96 1
j RIGHT_KNEE 30.4 -391.27 1920.09 1 -0.07 -0.28 0.04 0.96 1
j RIGHT_FOOT 44.65 -796.99 1983.85 1 0 0 0 0 1
t 8846690000
j HEAD -111.6 660.33 1899.33 1 0.03 -0.02 0.02 1 1
j NECK -104.44 457.33 1888.36 1 0.03 -0.02 0.02 1 1
j LEFT_SHOULDER -255.06 452.1 1882.44 1 -0.09 -0.04 -0.2 0.97 1
j LEFT_ELBOW -503.8 555.28 1850.23 1 -0.08 0.01 -0.41 0.91 1
j LEFT_HAND -705.77 783.99 1834.95 1 0 0 0 0 1
j RIGHT_SHOULDER 46.18 462.55 1894.29 1 0.47 0.1 0.2 0.86 1
j RIGHT_ELBOW 290.19 580.76 1899.26 1 0.4 0.32 0.32 0.8 1
j RIGHT_HAND 472.03 813.08 1819.78 1 0 0 0 0 1
j TORSO -96.84 243.81 1883.56 1 0.01 -0.02 0.02 1 1
j LEFT_HIP -187.74 26.87 1874.87 1 -0.06 -0.71 0.02 0.7 1
j LEFT_KNEE -207.86 -397.31 1923.31 1 -0.06 -0.71 0.03 0.7 1
j LEFT_FOOT -228.59 -804.46 1975.16 1 0 0 0 0 1
j RIGHT_HIP 9.26 33.71 1882.62 1 -0.03 -0.28 0.04 0.96 1
j RIGHT_KNEE 34.59 -391.2 1920.95 1 -0.07 -0.28 0.03 0.96 1
j RIGHT_FOOT 40.64 -796.77 1986.65 1 0 0 0 0 1
t 8846791000
j HEAD -112.05 659.69 1897.69 1 0.03 -0.02 0.02 1 1
j NECK -104.63 456.61 1886.79 1 0.03 -0.02 0.02 1 1
j LEFT_SHOULDER -255.27 451.48 1881.25 1 -0.09 -0.04 -0.2 0.97 1
j LEFT_ELBOW -502.73 556.06 1852.28 1 -0.08 0.01 -0.44 0.89 1
j LEFT_HAND -688.1 799.92 1837.87 1 0 0 0 0 1
j RIGHT_SHOULDER 46.02 461.73 1892.34 1 0.48 0.11 0.21 0.84 1
j RIGHT_ELBOW 286.17 585.96 1899.38 1 0.4 0.35 0.35 0.77 1
j RIGHT_HAND 441.48 836.75 1816.82 1 0 0 0 0 1
j TORSO -97.18 243.08 1881.96 1 0.01 -0.02 0.02 1 1
j LEFT_HIP -188.25 26.2 1873.5 1 -0.06 -0.71 0.03 0.71 1
j LEFT_KNEE -207.82 -397.74 1924.25 1 -0.06 -0.71 0.03 0.71 1
j LEFT_FOOT -226.37 -805.19 1974.61 1 0 0 0 0 1
j RIGHT_HIP 8.77 32.91 1880.75 1 -0.04 -0.28 0.04 0.96 1
j RIGHT_KNEE 33.73 -391.83 1921.37 1 -0.08 -0.28 0.03 0.96 1
j RIGHT_FOOT 41.63 -795.96 1995.1 1 0 0 0 0 1
t 8846890000
j HEAD -111.85 659.78 1897.3 1 0.03 -0.02 0.02 1 1
j NECK -104.84 456.46 1886.33 1 0.03 -0.02 0.02 1 1
j LEFT_SHOULDER -255.47 451.51 1880.32 1 0.71 -0.16 -0.09 0.68 1
j LEFT_ELBOW -506.61 545.64 1854.5 1 0.66 -0.34 -0.28 0.61 1
j LEFT_HAND -695.95 786.96 1837.78 1 0 0 0 0 1
j RIGHT_SHOULDER 45.79 461.4 1892.33 1 0.47 0.1 0.21 0.85 1
j RIGHT_ELBOW 287.23 582.3 1896.97 1 0.37 0.37 0.35 0.77 1
j RIGHT_HAND 434.63 833.03 1798.89 1 0 0 0 0 1
j TORSO -97.61 242.94 1880.88 1 0.01 -0.02 0.02 1 1
j LEFT_HIP -188.89 26.19 1871.5 1 -0.06 -0.71 0.03 0.7 1
j LEFT_KNEE -208.18 -397.68 1922.95 1 -0.06 -0.71 0.03 0.7 1
j LEFT_FOOT -226.18 -804.76 1976.45 1 0 0 0 0 1
j RIGHT_HIP 8.12 32.65 1879.35 1 -0.04 -0.28 0.04 0.96 1
j RIGHT_KNEE 34.17 -391.93 1920.98 1 -0.09 -0.28 0.04 0.96 1
j RIGHT_FOOT 43.1 -795.75 1996.45 1 0 0 0 0 1
t 8847054000
j HEAD -111.23 657.62 1898.11 1 0.03 -0.02 0.02 1 1
j NECK -104.67 453.92 1886.49 1 0.03 -0.02 0.02 1 1
j LEFT_SHOULDER -255.33 449.21 1881.28 1 0.68 -0.12 -0.07 0.72 1
j LEFT_ELBOW -515.8 520.35 1857.77 1 0.63 -0.32 -0.25 0.66 1
j LEFT_HAND -723.58 743.95 1826.69 1 0 0 0 0 1
j RIGHT_SHOULDER 46 458.63 1891.69 1 0.46 0.09 0.18 0.86 1
j RIGHT_ELBOW 293.42 563.77 1893.46 1 0.38 0.35 0.31 0.79 1
j RIGHT_HAND 464.67 798.28 1794.8 1 0 0 0 0 1
j TORSO -97.77 240.43 1879.8 1 0.02 -0.02 0.02 1 1
j LEFT_HIP -189.4 23.86 1869.72 1 -0.06 -0.7 0.03 0.71 1
j LEFT_KNEE -205.82 -399.87 1923.27 1 -0.07 -0.7 0.03 0.71 1
j LEFT_FOOT -229.64 -806.12 1980.42 1 0 0 0 0 1
j RIGHT_HIP 7.66 30.01 1876.53 1 -0.04 -0.28 0.04 0.96 1
j RIGHT_KNEE 33.36 -394.07 1923.13 1 -0.08 -0.28 0.04 0.96 1
j RIGHT_FOOT 45.09 -798.94 1992.41 1 0 0 0 0 1
t 8847222000
j HEAD -113.56 657.7 1898.49 1 0.03 -0.01 0.02 1 1
j NECK -106.43 453.14 1887.28 1 0.03 -0.01 0.02 1 1
j LEFT_SHOULDER -257.1 447.9 1882.92 1 0.67 -0.1 -0.04 0.73 1
j LEFT_ELBOW -542.25 503.8 1855.2 1 0.64 -0.28 -0.19 0.69 1
j LEFT_HAND -781.81 693.1 1811.59 1 0 0 0 0 1
j RIGHT_SHOULDER 44.25 458.38 1891.65 1 0.44 0.06 0.12 0.89 1
j RIGHT_ELBOW 305.42 530.02 1893.9 1 0.38 0.33 0.25 0.83 1
j RIGHT_HAND 507.4 732.53 1786.39 1 0 0 0 0 1
j TORSO -98.82 239.67 1880.7 1 0.02 -0.01 0.02 1 1
j LEFT_HIP -189.74 22.77 1871.26 1 -0.06 -0.7 0.03 0.71 1
j LEFT_KNEE -207.69 -400.33 1928.93 1 -0.06 -0.7 0.03 0.71 1
j LEFT_FOOT -227.45 -807.76 1978.43 1 0 0 0 0 1
j RIGHT_HIP 7.33 29.62 1876.97 1 -0.05 -0.27 0.05 0.96 1
j RIGHT_KNEE 35.71 -393.9 1926.9 1 -0.08 -0.28 0.03 0.96 1
j RIGHT_FOOT 43.95 -798.7 1997.05 1 0 0 0 0 1
t 8847327000
j HEAD -113.97 659.56 1898.84 1 0.02 -0.01 0.02 1 1
j NECK -106.45 454.21 1889.45 1 0.02 -0.01 0.02 1 1
j LEFT_SHOULDER -257.13 448.51 1885.89 1 0.67 -0.06 0.01 0.74 1
j LEFT_ELBOW -552.09 469.43 1855.3 1 0.65 -0.24 -0.15 0.7 1
j LEFT_HAND -811.31 630.56 1811 1 0 0 0 0 1
j RIGHT_SHOULDER 44.23 459.9 1893.01 1 0.42 0.03 0.08 0.9 1
j RIGHT_ELBOW 321.83 506.02 1896.16 1 0.38 0.3 0.2 0.85 1
j RIGHT_HAND 552.3 681.45 1786.17 1 0 0 0 0 1
j TORSO -98.24 240.73 1883.73 1 0.01 -0.01 0.02 1 1
j LEFT_HIP -188.58 23.53 1875.69 1 -0.06 -0.7 0.03 0.71 1
j LEFT_KNEE -208.43 -399.8 1931.05 1 -0.05 -0.7 0.02 0.71 1
j LEFT_FOOT -225.13 -807.84 1976.86 1 0 0 0 0 1
j RIGHT_HIP 8.5 30.98 1880.34 1 -0.04 -0.27 0.05 0.96 1
j RIGHT_KNEE 35.56 -392.93 1927.72 1 -0.07 -0.27 0.03 0.96 1
j RIGHT_FOOT 44.89 -798.71 1992.03 1 0 0 0 0 1
t 8847454000
j HEAD -114.08 659.59 1897.92 1 0.02 -0.01 0.02 1 1
j NECK -105.96 453.66 1890.49 1 0.02 -0.01 0.02 1 1
j LEFT_SHOULDER -256.65 447.88 1887.71 1 0.67 -0.02 0.06 0.74 1
j LEFT_ELBOW -547.52 430.61 1858.58 1 0.66 -0.21 -0.1 0.72 1
j LEFT_HAND -823.04 559.81 1807.13 1 0 0 0 0 1
j RIGHT_SHOULDER 44.73 459.43 1893.26 1 0.42 0 0.03 0.91 1
j RIGHT_ELBOW 337.21 475.01 1900.44 1 0.4 0.26 0.15 0.87 1
j RIGHT_HAND 593.2 617.43 1798.63 1 0 0 0 0 1
j TORSO -97.7 240.15 1885.93 1 0.01 -0.01 0.02 1 1
j LEFT_HIP -187.99 22.88 1879.57 1 -0.06 -0.7 0.02 0.71 1
j LEFT_KNEE -208.45 -401.06 1929.89 1 -0.06 -0.7 0.03 0.71 1
j LEFT_FOOT -225.61 -808.86 1977.5 1 0 0 0 0 1
j RIGHT_HIP 9.11 30.43 1883.2 1 -0.04 -0.27 0.04 0.96 1
j RIGHT_KNEE 35.07 -393.66 1929.62 1 -0.07 -0.27 0.03 0.96 1
j RIGHT_FOOT 42.65 -799.74 1992.03 1 0 0 0 0 1
t 8847555000
j HEAD -112.19 660.51 1898.34 1 0.01 -0.01 0.02 1 1
j NECK -104.36 454.44 1892.32 1 0.01 -0.01 0.02 1 1
j LEFT_SHOULDER -255.06 449.29 1889.11 1 0.66 0.02 0.1 0.74 1
j LEFT_ELBOW -534.79 398.47 1862.68 1 0.66 -0.17 -0.05 0.73 1
j LEFT_HAND -822.97 494.29 1806.28 1 0 0 0 0 1
j RIGHT_SHOULDER 46.35 459.59 1895.53 1 0.42 -0.03 -0.02 0.91 1
j RIGHT_ELBOW 332.64 440.44 1906.47 1 0.41 0.23 0.1 0.88 1
j RIGHT_HAND 603.94 551.19 1807.12 1 0 0 0 0 1
j TORSO -96.95 240.91 1887.41 1 0.01 -0.01 0.02 1 1
j LEFT_HIP -188.1 24.02 1880.39 1 -0.06 -0.7 0.02 0.71 1
j LEFT_KNEE -207.11 -400.35 1927.61 1 -0.06 -0.7 0.02 0.71 1
j LEFT_FOOT -228.25 -808.32 1972.28 1 0 0 0 0 1
j RIGHT_HIP 9.01 30.76 1884.59 1 -0.04 -0.27 0.05 0.96 1
j RIGHT_KNEE 38.27 -393.72 1924.94 1 -0.08 -0.27 0.02 0.96 1
j RIGHT_FOOT 37.77 -799.08 1992.07 1 0 0 0 0 1
t 8847655000
j HEAD -110.56 660.5 1898.3 1 0.01 -0.01 0.02 1 1
j NECK -103.25 453.84 1893.13 1 0.01 -0.01 0.02 1 1
j LEFT_SHOULDER -254 449.59 1890.19 1 0.66 0.07 0.13 0.74 1
j LEFT_ELBOW -528.8 367.73 1867.97 1 0.66 -0.14 0.01 0.74 1
j LEFT_HAND -827.95 421.47 1802.35 1 0 0 0 0 1
j RIGHT_SHOULDER 47.49 458.09 1896.07 1 0.42 -0.05 -0.07 0.9 1
j RIGHT_ELBOW 334.82 408.76 1908.09 1 0.43 0.19 0.05 0.88 1
j RIGHT_HAND 622.86 485.86 1816.62 1 0 0 0 0 1
j TORSO -97.13 240.29 1887.73 1 0.01 -0.01 0.01 1 1
j LEFT_HIP -189.59 23.96 1880.4 1 -0.05 -0.7 0.02 0.71 1
j LEFT_KNEE -208.3 -400.45 1927.4 1 -0.06 -0.7 0.02 0.71 1
j LEFT_FOOT -228.05 -808.05 1975.7 1 0 0 0 0 1
j RIGHT_HIP 7.57 29.51 1884.24 1 -0.04 -0.27 0.04 0.96 1
j RIGHT_KNEE 34.52 -395.08 1925.13 1 -0.08 -0.27 0.03 0.96 1
j RIGHT_FOOT 41.14 -800.46 1992.08 1 0 0 0 0 1
t 8847791000
j HEAD -108.68 658.67 1898.04 1 0.01 -0.01 0.01 1 1
j NECK -102.54 453.3 1894.54 1 0.01 -0.01 0.01 1 1
j LEFT_SHOULDER -253.28 449.86 1890.66 1 0.64 0.11 0.19 0.73 1
j LEFT_ELBOW -514.89 327.22 1869.22 1 0.67 -0.09 0.08 0.74 1
j LEFT_HAND -814.93 326.7 1797.04 1 0 0 0 0 1
j RIGHT_SHOULDER 48.2 456.74 1898.41 1 0.42 -0.09 -0.13 0.89 1
j RIGHT_ELBOW 328.26 365.15 1910.84 1 0.44 0.14 -0.02 0.89 1
j RIGHT_HAND 625.01 391.74 1828.53 1 0 0 0 0 1
j TORSO -97.52 239.73 1888.63 1 0.01 -0.01 0.01 1 1
j LEFT_HIP -191.07 23.92 1880.2 1 -0.05 -0.7 0.02 0.71 1
j LEFT_KNEE -212.96 -400.82 1921.79 1 -0.06 -0.7 0.04 0.71 1
j LEFT_FOOT -224.62 -807.32 1979.33 1 0 0 0 0 1
j RIGHT_HIP 6.08 28.41 1885.26 1 -0.04 -0.27 0.04 0.96 1
j RIGHT_KNEE 31.75 -396.08 1928.07 1 -0.07 -0.27 0.03 0.96 1
j RIGHT_FOOT 42.88 -802.13 1990.23 1 0 0 0 0 1
t 8847890000
j HEAD -108.57 659.04 1898.27 1 0.01 -0.01 0.01 1 1
j NECK -102.83 453.26 1895 1 0.01 -0.01 0.01 1 1
j LEFT_SHOULDER -253.56 449.73 1890.66 1 0.63 0.16 0.24 0.72 1
j LEFT_ELBOW -500.04 290.26 1871.58 1 0.66 -0.04 0.15 0.73 1
j LEFT_HAND -794.74 239.15 1795.47 1 0 0 0 0 1
j RIGHT_SHOULDER 47.89 456.79 1899.34 1 0.42 -0.12 -0.19 0.88 1
j RIGHT_ELBOW 316.24 326.83 1912.31 1 0.45 0.09 -0.09 0.88 1
j RIGHT_HAND 617.5 303.3 1840.8 1 0 0 0 0 1
j TORSO -97.66 239.7 1888.99 1 0.01 -0.01 0.01 1 1
j LEFT_HIP -191.05 23.83 1880.14 1 -0.05 -0.7 0.02 0.71 1
j LEFT_KNEE -209.11 -400.75 1925.68 1 -0.06 -0.7 0.03 0.71 1
j LEFT_FOOT -223.68 -807.89 1979.15 1 0 0 0 0 1
j RIGHT_HIP 6.09 28.44 1885.82 1 -0.04 -0.27 0.05 0.96 1
j RIGHT_KNEE 33.97 -395.93 1928.26 1 -0.07 -0.28 0.03 0.96 1
j RIGHT_FOOT 45.74 -802.12 1988.93 1 0 0 0 0 1
t 8847991000
j HEAD -108.57 663.02 1898.64 1 0.01 -0.02 0.01 1 1
j NECK -103.04 455.45 1895.88 1 0.01 -0.02 0.01 1 1
j LEFT_SHOULDER -253.75 451.96 1891 1 0.62 0.19 0.27 0.71 1
j LEFT_ELBOW -489.26 265.81 1873.68 1 0.66 0.01 0.18 0.73 1
j LEFT_HAND -778.49 178.71 1804.92 1 0 0 0 0 1
j RIGHT_SHOULDER 47.67 458.94 1900.75 1 0.42 -0.14 -0.24 0.86 1
j RIGHT_ELBOW 296.8 298.95 1913.78 1 0.46 0.05 -0.13 0.88 1
j RIGHT_HAND 593.99 240.8 1847.78 1 0 0 0 0 1
j TORSO -97.88 241.9 1889.34 1 0.02 -0.02 0.01 1 1
j LEFT_HIP -191.28 26.07 1879.62 1 -0.05 -0.7 0.02 0.71 1
j LEFT_KNEE -209.31 -398.49 1925.3 1 -0.05 -0.7 0.03 0.71 1
j LEFT_FOOT -222.17 -806.08 1976.12 1 0 0 0 0 1
j RIGHT_HIP 5.83 30.64 1886 1 -0.04 -0.28 0.05 0.96 1
j RIGHT_KNEE 35.6 -393.43 1930.23 1 -0.07 -0.28 0.03 0.96 1
j RIGHT_FOOT 43.03 -800.17 1988.23 1 0 0 0 0 1
t 8848091000
j HEAD -108.52 663.77 1897.34 1 0 -0.02 0.01 1 1
j NECK -103.7 456.99 1896.25 1 0 -0.02 0.01 1 1
j LEFT_SHOULDER -254.37 453.87 1890.05 1 0.6 0.23 0.29 0.71 1
j LEFT_ELBOW -471.05 246.46 1881.1 1 0.65 0.05 0.21 0.73 1
j LEFT_HAND -749.89 131.6 1817.24 1 0 0 0 0 1
j RIGHT_SHOULDER 46.96 460.12 1902.46 1 0.41 -0.16 -0.29 0.85 1
j RIGHT_ELBOW 284.46 269.73 1914.45 1 0.46 0.01 -0.17 0.87 1
j RIGHT_HAND 575.96 182.81 1858.08 1 0 0 0 0 1
j TORSO -99.05 243.41 1890.79 1 0.01 -0.02 0.01 1 1
j LEFT_HIP -192.93 27.77 1881.27 1 -0.05 -0.71 0.03 0.7 1
j LEFT_KNEE -209.11 -396.78 1927.84 1 -0.05 -0.71 0.03 0.7 1
j LEFT_FOOT -220.28 -804.81 1975.58 1 0 0 0 0 1
j RIGHT_HIP 4.13 31.86 1889.38 1 -0.03 -0.28 0.05 0.96 1
j RIGHT_KNEE 36.08 -392.59 1928.05 1 -0.08 -0.28 0.03 0.96 1
j RIGHT_FOOT 42.69 -797.77 1995.96 1 0 0 0 0 1
t 8848191000
j HEAD -110.19 663.14 1897.56 1 0.01 -0.02 0.01 1 1
j NECK -104.77 455.12 1895.54 1 0.01 -0.02 0.01 1 1
j LEFT_SHOULDER -255.4 452.14 1888.5 1 0.59 0.26 0.32 0.7 1
j LEFT_ELBOW -458 226.12 1885.76 1 0.64 0.08 0.24 0.72 1
j LEFT_HAND -725.73 86.67 1823.22 1 0 0 0 0 1
j RIGHT_SHOULDER 45.86 458.09 1902.57 1 0.41 -0.19 -0.32 0.84 1
j RIGHT_ELBOW 267.87 251.42 1920.43 1 0.47 0.01 -0.22 0.86 1
j RIGHT_HAND 547.74 140.47 1850.5 1 0 0 0 0 1
j TORSO -100.28 241.53 1889.67 1 0.01 -0.02 0.01 1 1
j LEFT_HIP -194.3 26.01 1879.2 1 -0.05 -0.71 0.03 0.7 1
j LEFT_KNEE -209.51 -398.25 1928.74 1 -0.05 -0.71 0.03 0.7 1
j LEFT_FOOT -222.19 -806.67 1972.55 1 0 0 0 0 1
j RIGHT_HIP 2.72 29.9 1888.4 1 -0.03 -0.28 0.05 0.96 1
j RIGHT_KNEE 35.31 -394.28 1928.98 1 -0.07 -0.28 0.03 0.96 1
j RIGHT_FOOT 43.01 -799.99 1993.19 1 0 0 0 0 1
t 8848254000
j HEAD -111.52 662.2 1897.93 1 0.01 -0.02 0.01 1 1
j NECK -105.35 453.36 1895.06 1 0.01 -0.02 0.01 1 1
j LEFT_SHOULDER -255.95 449.83 1887.65 1 0.57 0.29 0.33 0.69 1
j LEFT_ELBOW -444.38 211.93 1894.01 1 0.64 0.1 0.27 0.71 1
j LEFT_HAND -700.51 52.82 1829.04 1 0 0 0 0 1
j RIGHT_SHOULDER 45.26 456.9 1902.47 1 0.4 -0.2 -0.34 0.83 1
j RIGHT_ELBOW 258.58 234.44 1922.96 1 0.47 0 -0.25 0.85 1
j RIGHT_HAND 531.62 104.98 1851.33 1 0 0 0 0 1
j TORSO -100.03 239.81 1888.76 1 0.02 -0.02 0.01 1 1
j LEFT_HIP -193.2 23.95 1877.6 1 -0.05 -0.71 0.03 0.7 1
j LEFT_KNEE -207.39 -400.27 1927.68 1 -0.05 -0.71 0.03 0.7 1
j LEFT_FOOT -221.47 -808.53 1972.52 1 0 0 0 0 1
j RIGHT_HIP 3.78 28.57 1887.3 1 -0.03 -0.28 0.05 0.96 1
j RIGHT_KNEE 40.51 -395.38 1927.04 1 -0.07 -0.29 0.02 0.95 1
j RIGHT_FOOT 41.48 -801.46 1989.91 1 0 0 0 0 1
t 8848391000
j HEAD -111.7 663.3 1897.69 1 0.01 -0.02 0.02 1 1
j NECK -105.15 453.97 1894.93 1 0.01 -0.02 0.02 1 1
j LEFT_SHOULDER -255.8 450.13 1888.9 1 0.56 0.31 0.34 0.69 1
j LEFT_ELBOW -433.14 202.95 1903.83 1 0.63 0.11 0.29 0.71 1
j LEFT_HAND -681.15 33.36 1840.03 1 0 0 0 0 1
j RIGHT_SHOULDER 45.51 457.8 1900.95 1 0.39 -0.23 -0.37 0.81 1
j RIGHT_ELBOW 234.86 221.14 1924.43 1 0.46 -0.03 -0.28 0.84 1
j RIGHT_HAND 494.34 66.3 1855.67 1 0 0 0 0 1
j TORSO -99.48 240.41 1889.07 1 0.01 -0.02 0.01 1 1
j LEFT_HIP -192.33 24.35 1879.27 1 -0.05 -0.71 0.03 0.7 1
j LEFT_KNEE -208.69 -399.97 1927.95 1 -0.05 -0.71 0.03 0.7 1
j LEFT_FOOT -221.83 -807.89 1976.01 1 0 0 0 0 1
j RIGHT_HIP 4.71 29.36 1887.15 1 -0.03 -0.28 0.05 0.96 1
j RIGHT_KNEE 40.64 -394.68 1926.88 1 -0.07 -0.28 0.02 0.96 1
j RIGHT_FOOT 41.1 -800.77 1989.99 1 0 0 0 0 1
t 8848518000
j HEAD -110.91 662.64 1898.13 1 0.01 -0.02 0.01 1 1
j NECK -105.08 453.52 1894.82 1 0.01 -0.02 0.01 1 1
j LEFT_SHOULDER -255.77 449.67 1889.46 1 0.56 0.32 0.34 0.68 1
j LEFT_ELBOW -427.78 192.74 1908.03 1 0.63 0.15 0.3 0.71 1
j LEFT_HAND -669.37 4.9 1855.9 1 0 0 0 0 1
j RIGHT_SHOULDER 45.6 457.36 1900.18 1 0.38 -0.24 -0.39 0.8 1
j RIGHT_ELBOW 219.72 209.02 1926.8 1 0.46 -0.06 -0.32 0.83 1
j RIGHT_HAND 465.72 31.25 1865.96 1 0 0 0 0 1
j TORSO -99.4 239.97 1888.56 1 0.01 -0.02 0.01 1 1
j LEFT_HIP -192.27 23.91 1878.79 1 -0.05 -0.71 0.03 0.71 1
j LEFT_KNEE -207.65 -400.51 1926.9 1 -0.05 -0.71 0.03 0.71 1
j LEFT_FOOT -222.45 -808.42 1974.7 1 0 0 0 0 1
j RIGHT_HIP 4.81 28.95 1885.8 1 -0.03 -0.28 0.05 0.96 1
j RIGHT_KNEE 37.1 -395.55 1923.74 1 -0.08 -0.28 0.03 0.96 1
j RIGHT_FOOT 41.31 -801.04 1990.49 1 0 0 0 0 1
t 8848619000
j HEAD -108.36 662.85 1902.45 1 0.02 -0.02 0.01 1 1
j NECK -103.73 453.13 1895.85 1 0.02 -0.02 0.01 1 1
j LEFT_SHOULDER -254.4 449.72 1889.85 1 0.55 0.35 0.36 0.67 1
j LEFT_ELBOW -408.15 186.21 1912.47 1 0.62 0.16 0.32 0.69 1
j LEFT_HAND -634.98 -14.27 1856.84 1 0 0 0 0 1
j RIGHT_SHOULDER 46.94 456.54 1901.84 1 0.38 -0.26 -0.42 0.78 1
j RIGHT_ELBOW 201.47 200.23 1927.26 1 0.46 -0.08 -0.34 0.82 1
j RIGHT_HAND 435.97 4.32 1872.17 1 0 0 0 0 1
j TORSO -98.57 239.65 1887.68 1 0.02 -0.02 0.01 1 1
j LEFT_HIP -191.95 23.93 1875.59 1 -0.05 -0.71 0.03 0.71 1
j LEFT_KNEE -207 -400.67 1922.19 1 -0.06 -0.71 0.03 0.7 1
j LEFT_FOOT -225.54 -807.97 1973.53 1 0 0 0 0 1
j RIGHT_HIP 5.11 28.39 1883.43 1 -0.04 -0.28 0.05 0.96 1
j RIGHT_KNEE 36 -396 1923.7 1 -0.07 -0.28 0.03 0.96 1
j RIGHT_FOOT 40.01 -801.77 1988.74 1 0 0 0 0 1
t 8848786000
j HEAD -107.26 664.01 1903.34 1 0.02 -0.02 0.01 1 1
j NECK -103.69 453.77 1896.79 1 0.02 -0.02 0.01 1 1
j LEFT_SHOULDER -254.4 450.67 1891.68 1 0.54 0.36 0.37 0.66 1
j LEFT_ELBOW -396.28 183.56 1914.43 1 0.62 0.17 0.35 0.68 1
j LEFT_HAND -611.78 -27.57 1850.78 1 0 0 0 0 1
j RIGHT_SHOULDER 47.02 456.88 1901.89 1 0.37 -0.26 -0.43 0.78 1
j RIGHT_ELBOW 198.63 190.3 1927.07 1 0.46 -0.08 -0.37 0.8 1
j RIGHT_HAND 419.32 -19.73 1860.43 1 0 0 0 0 1
j TORSO -99.02 240.28 1888.5 1 0.02 -0.02 0.01 1 1
j LEFT_HIP -192.9 24.76 1876.87 1 -0.05 -0.7 0.03 0.71 1
j LEFT_KNEE -208.24 -399.39 1927.24 1 -0.05 -0.7 0.03 0.71 1
j LEFT_FOOT -224.01 -807.27 1974.99 1 0 0 0 0 1
j RIGHT_HIP 4.21 28.82 1883.54 1 -0.04 -0.28 0.05 0.96 1
j RIGHT_KNEE 31.63 -395.41 1927.78 1 -0.07 -0.28 0.04 0.96 1
j RIGHT_FOOT 45.24 -801.14 1991.6 1 0 0 0 0 1
t 8848854000
j HEAD -107.89 664.5 1906.78 1 0.02 -0.02 0.01 1 1
j NECK -104.21 455.02 1898.63 1 0.02 -0.02 0.01 1 1
j LEFT_SHOULDER -254.92 452.5 1893.44 1 0.54 0.36 0.38 0.66 1
j LEFT_ELBOW -387.02 189.68 1913.42 1 0.63 0.17 0.35 0.68 1
j LEFT_HAND -599.7 -21.02 1850.17 1 0 0 0 0 1
j RIGHT_SHOULDER 46.51 457.54 1903.82 1 0.38 -0.26 -0.44 0.77 1
j RIGHT_ELBOW 186.21 195.78 1922.82 1 0.46 -0.09 -0.39 0.79 1
j RIGHT_HAND 396.89 -17.31 1856.02 1 0 0 0 0 1
j TORSO -100.3 241.56 1889.12 1 0.02 -0.02 0.01 1 1
j LEFT_HIP -194.96 26.45 1876.22 1 -0.05 -0.7 0.03 0.71 1
j LEFT_KNEE -211.7 -398 1923.57 1 -0.06 -0.7 0.04 0.71 1
j LEFT_FOOT -223.73 -805.32 1976.78 1 0 0 0 0 1
j RIGHT_HIP 2.16 29.75 1883.01 1 -0.04 -0.28 0.05 0.96 1
j RIGHT_KNEE 32.85 -394.61 1923.66 1 -0.08 -0.28 0.03 0.96 1
j RIGHT_FOOT 41.75 -799.74 1991.91 1 0 0 0 0 1
t 8848955000
j HEAD -109.16 662.95 1907.65 1 0.02 -0.02 0.01 1 1
j NECK -104.12 453.57 1898.75 1 0.02 -0.02 0.01 1 1
j LEFT_SHOULDER -254.82 450.54 1893.25 1 0.55 0.35 0.37 0.66 1
j LEFT_ELBOW -395.76 193.41 1910.03 1 0.63 0.16 0.34 0.68 1
j LEFT_HAND -617.2 -11.06 1848.9 1 0 0 0 0 1
j RIGHT_SHOULDER 46.58 456.59 1904.25 1 0.38 -0.25 -0.43 0.78 1
j RIGHT_ELBOW 197.28 196.44 1921.18 1 0.46 -0.08 -0.37 0.8 1
j RIGHT_HAND 420.86 -12.6 1857.24 1 0 0 0 0 1
j TORSO -99.48 240.14 1888.87 1 0.02 -0.02 0.01 1 1
j LEFT_HIP -193.38 24.73 1875.4 1 -0.05 -0.71 0.02 0.71 1
j LEFT_KNEE -209.35 -399.88 1921.44 1 -0.06 -0.7 0.04 0.71 1
j LEFT_FOOT -223.24 -806.72 1977.62 1 0 0 0 0 1
j RIGHT_HIP 3.72 28.69 1882.59 1 -0.04 -0.28 0.05 0.96 1
j RIGHT_KNEE 36.74 -395.15 1926.77 1 -0.07 -0.28 0.03 0.96 1
j RIGHT_FOOT 44.76 -801.29 1988.86 1 0 0 0 0 1
t 8849090000
j HEAD -108.96 663.58 1904.91 1 0.02 -0.02 0.01 1 1
j NECK -104.12 454.58 1898.72 1 0.02 -0.02 0.01 1 1
j LEFT_SHOULDER -254.81 451.73 1892.76 1 0.57 0.32 0.35 0.68 1
j LEFT_ELBOW -421.92 203.37 1902.81 1 0.63 0.14 0.3 0.7 1
j LEFT_HAND -661.42 18.22 1845.73 1 0 0 0 0 1
j RIGHT_SHOULDER 46.56 457.43 1904.69 1 0.39 -0.24 -0.41 0.79 1
j RIGHT_ELBOW 214.34 207.59 1922.09 1 0.47 -0.04 -0.33 0.82 1
j RIGHT_HAND 456.6 31.26 1846.85 1 0 0 0 0 1
j TORSO -99.76 241.09 1890.31 1 0.02 -0.02 0.01 1 1
j LEFT_HIP -193.93 25.74 1878.01 1 -0.05 -0.71 0.03 0.71 1
j LEFT_KNEE -208.3 -399.03 1923.2 1 -0.06 -0.71 0.03 0.7 1
j LEFT_FOOT -228 -805.84 1977.76 1 0 0 0 0 1
j RIGHT_HIP 3.15 29.46 1885.81 1 -0.03 -0.28 0.05 0.96 1
j RIGHT_KNEE 35.54 -394.8 1926.11 1 -0.07 -0.28 0.03 0.96 1
j RIGHT_FOOT 42.98 -800.71 1989.82 1 0 0 0 0 1
t 8849287000
j HEAD -109.75 663.49 1899.64 1 0.01 -0.02 0.01 1 1
j NECK -104.15 455.12 1897.32 1 0.01 -0.02 0.01 1 1
j LEFT_SHOULDER -254.85 451.72 1892.06 1 0.6 0.25 0.3 0.7 1
j LEFT_ELBOW -459.24 243.08 1891.67 1 0.64 0.09 0.24 0.72 1
j LEFT_HAND -725.07 100.79 1836.72 1 0 0 0 0 1
j RIGHT_SHOULDER 46.55 458.52 1902.58 1 0.4 -0.19 -0.33 0.83 1
j RIGHT_ELBOW 256.07 255.91 1917.22 1 0.47 0.01 -0.23 0.85 1
j RIGHT_HAND 529.21 136.95 1847.03 1 0 0 0 0 1
j TORSO -99.12 241.56 1891.3 1 0.01 -0.02 0.01 1 1
j LEFT_HIP -192.65 25.78 1881.84 1 -0.05 -0.7 0.03 0.71 1
j LEFT_KNEE -205.47 -398.45 1932.24 1 -0.05 -0.71 0.02 0.71 1
j LEFT_FOOT -224.07 -806.5 1977.01 1 0 0 0 0 1
j RIGHT_HIP 4.45 30.23 1888.72 1 -0.03 -0.28 0.05 0.96 1
j RIGHT_KNEE 39.29 -393.96 1927.78 1 -0.07 -0.28 0.03 0.96 1
j RIGHT_FOOT 44.39 -799.67 1993.03 1 0 0 0 0 1
t 8849351000
j HEAD -110.32 664.71 1900.61 1 0 -0.01 0.01 1 1
j NECK -104.54 456.97 1898.69 1 0 -0.01 0.01 1 1
j LEFT_SHOULDER -255.26 453.37 1894.36 1 0.62 0.18 0.26 0.72 1
j LEFT_ELBOW -490.31 278.01 1877.43 1 0.65 0.06 0.19 0.73 1
j LEFT_HAND -772.46 167.33 1825.64 1 0 0 0 0 1
j RIGHT_SHOULDER 46.18 460.58 1903.01 1 0.42 -0.14 -0.26 0.86 1
j RIGHT_ELBOW 292.52 292.48 1909.78 1 0.46 0.04 -0.15 0.87 1
j RIGHT_HAND 586.82 222.68 1841.92 1 0 0 0 0 1
j TORSO -99.26 243.42 1892.69 1 0.01 -0.01 0.01 1 1
j LEFT_HIP -192.54 27.51 1883.87 1 -0.05 -0.7 0.03 0.71 1
j LEFT_KNEE -207.95 -396.84 1932.44 1 -0.06 -0.7 0.02 0.71 1
j LEFT_FOOT -226.58 -804.81 1978.29 1 0 0 0 0 1
j RIGHT_HIP 4.59 32.23 1889.53 1 -0.04 -0.27 0.05 0.96 1
j RIGHT_KNEE 34.03 -392.15 1930.69 1 -0.07 -0.28 0.03 0.96 1
j RIGHT_FOOT 42.53 -798.56 1991.02 1 0 0 0 0 1
t 8849550000
j HEAD -111.87 666.55 1902.83 1 0.01 -0 0.02 1 1
j NECK -105.38 457.74 1898.79 1 0.01 -0 0.02 1 1
j LEFT_SHOULDER -256.13 453.43 1897.58 1 0.66 0.07 0.19 0.73 1
j LEFT_ELBOW -524.34 346.75 1856.89 1 0.68 -0.03 0.12 0.73 1
j LEFT_HAND -824.47 306.46 1794.84 1 0 0 0 0 1
j RIGHT_SHOULDER 45.37 462.04 1900 1 0.43 -0.07 -0.15 0.89 1
j RIGHT_ELBOW 331.12 364.87 1900.68 1 0.45 0.12 -0.04 0.88 1
j RIGHT_HAND 628.02 377.03 1827.36 1 0 0 0 0 1
j TORSO -99.23 244.21 1892.8 1 0.01 -0 0.01 1 1
j LEFT_HIP -191.67 27.86 1886.02 1 -0.05 -0.7 0.02 0.72 1
j LEFT_KNEE -209.52 -397.39 1924.69 1 -0.06 -0.7 0.03 0.72 1
j LEFT_FOOT -224.73 -804.94 1975.35 1 0 0 0 0 1
j RIGHT_HIP 5.5 33.49 1887.59 1 -0.03 -0.26 0.04 0.96 1
j RIGHT_KNEE 34.64 -391.31 1924.37 1 -0.08 -0.27 0.03 0.96 1
j RIGHT_FOOT 42.5 -796.8 1990.65 1 0 0 0 0 1
t 8849751000
j HEAD -113.21 662.67 1906.59 1 0.02 -0.01 0.02 1 1
j NECK -105.31 456.78 1898.75 1 0.02 -0.01 0.02 1 1
j LEFT_SHOULDER -256.04 451.62 1896.72 1 0.68 -0.03 0.12 0.72 1
j LEFT_ELBOW -524.6 416.42 1839.5 1 0.69 -0.13 0.04 0.71 1
j LEFT_HAND -814.49 451.78 1769.93 1 0 0 0 0 1
j RIGHT_SHOULDER 45.41 461.95 1900.78 1 0.44 0 -0.05 0.9 1
j RIGHT_ELBOW 339.26 433.98 1886.25 1 0.45 0.18 0.06 0.87 1
j RIGHT_HAND 624.65 515.06 1806.49 1 0 0 0 0 1
j TORSO -97.9 243.34 1891.24 1 0.02 -0.01 0.02 1 1
j LEFT_HIP -189.05 26.52 1882.4 1 -0.05 -0.7 0.02 0.71 1
j LEFT_KNEE -207.81 -398.32 1925.21 1 -0.05 -0.7 0.03 0.71 1
j LEFT_FOOT -221.87 -806.27 1972.79 1 0 0 0 0 1
j RIGHT_HIP 8.07 33.27 1885.06 1 -0.03 -0.27 0.04 0.96 1
j RIGHT_KNEE 35.01 -391.58 1923.13 1 -0.08 -0.27 0.03 0.96 1
j RIGHT_FOOT 45.16 -796.93 1990.06 1 0 0 0 0 1
t 8849923000
j HEAD -114.9 658.34 1907.89 1 0.03 -0 0.02 1 1
j NECK -105.78 454 1896.05 1 0.03 -0 0.02 1 1
j LEFT_SHOULDER -256.49 448.22 1894.55 1 0.69 -0.14 0.04 0.71 1
j LEFT_ELBOW -524.69 488.82 1823.68 1 0.69 -0.22 -0.04 0.69 1
j LEFT_HAND -798.75 597.87 1746.29 1 0 0 0 0 1
j RIGHT_SHOULDER 44.93 459.79 1897.55 1 0.44 0.08 0.04 0.89 1
j RIGHT_ELBOW 336.77 503.53 1868.28 1 0.43 0.26 0.15 0.85 1
j RIGHT_HAND 592.01 648.37 1772.28 1 0 0 0 0 1
j TORSO -97.5 240.61 1887.99 1 0.02 -0 0.02 1 1
j LEFT_HIP -187.79 23.43 1878.94 1 -0.05 -0.7 0.02 0.72 1
j LEFT_KNEE -206.65 -401.08 1924.98 1 -0.06 -0.7 0.03 0.71 1
j LEFT_FOOT -224.14 -808.53 1975.66 1 0 0 0 0 1
j RIGHT_HIP 9.32 31 1880.91 1 -0.04 -0.27 0.04 0.96 1
j RIGHT_KNEE 33.57 -393.52 1924.12 1 -0.07 -0.27 0.03 0.96 1
j RIGHT_FOOT 44.5 -799.16 1989.11 1 0 0 0 0 1
t 8850086000
j HEAD -114.72 657.78 1912.51 1 0.04 -0.01 0.02 1 1
j NECK -106.45 453.95 1895.89 1 0.04 -0.01 0.02 1 1
j LEFT_SHOULDER -257.14 448.21 1892.87 1 0.69 -0.19 0.01 0.7 1
j LEFT_ELBOW -513.37 518.18 1818.01 1 0.69 -0.29 -0.1 0.66 1
j LEFT_HAND -759.62 681.88 1742.08 1 0 0 0 0 1
j RIGHT_SHOULDER 44.23 459.7 1898.9 1 0.44 0.12 0.09 0.88 1
j RIGHT_ELBOW 311.42 533.52 1862.87 1 0.42 0.3 0.22 0.83 1
j RIGHT_HAND 531.76 722.25 1766.57 1 0 0 0 0 1
j TORSO -98.13 240.62 1886.36 1 0.02 -0.01 0.02 1 1
j LEFT_HIP -188.35 23.53 1874.86 1 -0.06 -0.7 0.02 0.71 1
j LEFT_KNEE -207.78 -400.6 1923.98 1 -0.06 -0.7 0.03 0.71 1
j LEFT_FOOT -224.68 -808.02 1975.21 1 0 0 0 0 1
j RIGHT_HIP 8.73 31.05 1878.8 1 -0.05 -0.27 0.04 0.96 1
j RIGHT_KNEE 33.93 -392.67 1928.82 1 -0.07 -0.27 0.03 0.96 1
j RIGHT_FOOT 43.75 -798.09 1994.94 1 0 0 0 0 1
t 8850218000
j HEAD -113.3 662.15 1909.57 1 0.04 -0.01 0.02 1 1
j NECK -106.11 457.29 1895.08 1 0.04 -0.01 0.02 1 1
j LEFT_SHOULDER -256.79 452.05 1891.05 1 0.69 -0.21 -0 0.69 1
j LEFT_ELBOW -504.62 530.18 1814.56 1 0.67 -0.34 -0.14 0.64 1
j LEFT_HAND -727.85 724.41 1736.47 1 0 0 0 0 1
j RIGHT_SHOULDER 44.57 462.52 1899.11 1 0.44 0.15 0.12 0.88 1
j RIGHT_ELBOW 300.52 555.76 1856.38 1 0.41 0.33 0.26 0.81 1
j RIGHT_HAND 497.1 768.51 1756.73 1 0 0 0 0 1
j TORSO -98.48 243.87 1886.9 1 0.02 -0.01 0.02 1 1
j LEFT_HIP -189.39 27.03 1876.1 1 -0.06 -0.7 0.02 0.71 1
j LEFT_KNEE -209.26 -397.39 1922.55 1 -0.06 -0.7 0.04 0.71 1
j LEFT_FOOT -222.41 -804.17 1979.49 1 0 0 0 0 1
j RIGHT_HIP 7.69 33.88 1881.36 1 -0.04 -0.27 0.04 0.96 1
j RIGHT_KNEE 33.78 -390.42 1925.63 1 -0.09 -0.27 0.04 0.96 1
j RIGHT_FOOT 43.52 -794.15 2001.51 1 0 0 0 0 1
t 8850347000
j HEAD -113.56 664.43 1912.62 1 0.04 -0.01 0.02 1 1
j NECK -106.4 459.32 1895.39 1 0.04 -0.01 0.02 1 1
j LEFT_SHOULDER -257.08 454.3 1891.05 1 0.69 -0.21 -0.01 0.69 1
j LEFT_ELBOW -502.09 534.2 1815.6 1 0.67 -0.37 -0.15 0.63 1
j LEFT_HAND -709.88 743.55 1731.23 1 0 0 0 0 1
j RIGHT_SHOULDER 44.28 464.35 1899.74 1 0.51 0.17 0.11 0.84 1
j RIGHT_ELBOW 294.14 560.81 1854.95 1 0.46 0.38 0.24 0.76 1
j RIGHT_HAND 477.96 781.12 1745.89 1 0 0 0 0 1
j TORSO -99.02 245.95 1886.06 1 0.02 -0.01 0.02 1 1
j LEFT_HIP -190.17 29.29 1873.89 1 -0.05 -0.7 0.02 0.71 1
j LEFT_KNEE -209.02 -395.18 1920.28 1 -0.06 -0.7 0.03 0.71 1
j LEFT_FOOT -224.73 -802.1 1975.64 1 0 0 0 0 1
j RIGHT_HIP 6.91 35.87 1879.57 1 -0.04 -0.27 0.05 0.96 1
j RIGHT_KNEE 35.73 -388.37 1922.85 1 -0.09 -0.28 0.03 0.96 1
j RIGHT_FOOT 43.45 -792.12 1999.14 1 0 0 0 0 1
t 8850483000
j HEAD -112.81 665.91 1908.6 1 0.03 -0.01 0.01 1 1
j NECK -106.95 461.07 1894.76 1 0.03 -0.01 0.01 1 1
j LEFT_SHOULDER -257.65 456.48 1890.6 1 0.69 -0.2 -0 0.7 1
j LEFT_ELBOW -504.23 530.78 1816.5 1 0.66 -0.37 -0.15 0.63 1
j LEFT_HAND -712.58 739.94 1731.47 1 0 0 0 0 1
j RIGHT_SHOULDER 43.75 465.67 1898.92 1 0.51 0.15 0.11 0.84 1
j RIGHT_ELBOW 296.45 555.76 1858.12 1 0.46 0.38 0.24 0.77 1
j RIGHT_HAND 479.5 776.14 1746.99 1 0 0 0 0 1
j TORSO -100.22 247.62 1886.89 1 0.02 -0.01 0.02 1 1
j LEFT_HIP -192.05 31.16 1876.31 1 -0.06 -0.7 0.03 0.71 1
j LEFT_KNEE -209.78 -392.89 1926.8 1 -0.05 -0.7 0.03 0.71 1
j LEFT_FOOT -224.32 -800.81 1974.3 1 0 0 0 0 1
j RIGHT_HIP 5.06 37.17 1881.75 1 -0.04 -0.27 0.05 0.96 1
j RIGHT_KNEE 33.61 -387.04 1925.38 1 -0.08 -0.28 0.03 0.96 1
j RIGHT_FOOT 41.91 -791.23 1999.27 1 0 0 0 0 1
t 8850582000
j HEAD -113 660.61 1908.39 1 0.04 -0.01 0.01 1 1
j NECK -107.39 456.93 1894 1 0.04 -0.01 0.01 1 1
j LEFT_SHOULDER -258.1 452.84 1889.55 1 0.69 -0.18 0 0.7 1
j LEFT_ELBOW -508.17 519.73 1819.14 1 0.67 -0.36 -0.14 0.64 1
j LEFT_HAND -725.79 719.28 1734.06 1 0 0 0 0 1
j RIGHT_SHOULDER 43.32 461.02 1898.46 1 0.5 0.14 0.1 0.85 1
j RIGHT_ELBOW 302.2 544.61 1861.39 1 0.45 0.37 0.23 0.78 1
j RIGHT_HAND 493.24 757.91 1749.81 1 0 0 0 0 1
j TORSO -101.35 243.48 1885.5 1 0.02 -0.01 0.01 1 1
j LEFT_HIP -193.86 27.35 1874.08 1 -0.05 -0.7 0.03 0.71 1
j LEFT_KNEE -209.65 -396.8 1924.38 1 -0.06 -0.7 0.03 0.71 1
j LEFT_FOOT -224.51 -804.55 1973.3 1 0 0 0 0 1
j RIGHT_HIP 3.25 32.7 1879.91 1 -0.04 -0.27 0.05 0.96 1
j RIGHT_KNEE 34.33 -391.18 1925.04 1 -0.08 -0.28 0.03 0.96 1
j RIGHT_FOOT 40.78 -795.87 1996.3 1 0 0 0 0 1
t 8850754000
j HEAD -114.19 658.81 1908.68 1 0.04 -0.02 0.01 1 1
j NECK -108.1 454.75 1894.35 1 0.04 -0.02 0.01 1 1
j LEFT_SHOULDER -258.79 450.5 1889.43 1 0.7 -0.17 0.01 0.7 1
j LEFT_ELBOW -522.65 512.51 1821.67 1 0.67 -0.33 -0.11 0.66 1
j LEFT_HAND -756.33 691.75 1732.78 1 0 0 0 0 1
j RIGHT_SHOULDER 42.59 459 1899.27 1 0.49 0.11 0.08 0.86 1
j RIGHT_ELBOW 309.46 524.03 1867.97 1 0.45 0.34 0.21 0.8 1
j RIGHT_HAND 518.89 718.77 1757.02 1 0 0 0 0 1
j TORSO -101.78 241.33 1885.08 1 0.02 -0.02 0.01 1 1
j LEFT_HIP -194 25.14 1872.6 1 -0.06 -0.7 0.03 0.71 1
j LEFT_KNEE -206.92 -398.73 1925.93 1 -0.06 -0.7 0.02 0.71 1
j LEFT_FOOT -225.19 -806.68 1971.97 1 0 0 0 0 1
j RIGHT_HIP 3.08 30.7 1879.03 1 -0.04 -0.28 0.05 0.96 1
j RIGHT_KNEE 36.3 -392.88 1925.53 1 -0.08 -0.28 0.03 0.96 1
j RIGHT_FOOT 44.07 -797.08 1999.41 1 0 0 0 0 1
t 8850818000
j HEAD -114.01 658.61 1908.45 1 0.03 -0.02 0.01 1 1
j NECK -107.96 454.09 1894.87 1 0.03 -0.02 0.01 1 1
j LEFT_SHOULDER -258.62 449.3 1889.55 1 0.7 -0.16 0.01 0.7 1
j LEFT_ELBOW -535.49 509.07 1821.66 1 0.68 -0.3 -0.08 0.67 1
j LEFT_HAND -786.11 668.37 1732.93 1 0 0 0 0 1
j RIGHT_SHOULDER 42.7 458.88 1900.19 1 0.48 0.09 0.06 0.87 1
j RIGHT_ELBOW 324.28 512.06 1873.08 1 0.44 0.33 0.19 0.81 1
j RIGHT_HAND 545.85 698.68 1760.29 1 0 0 0 0 1
j TORSO -100.86 240.69 1885.9 1 0.02 -0.02 0.02 1 1
j LEFT_HIP -192.28 24.16 1873.44 1 -0.05 -0.7 0.03 0.71 1
j LEFT_KNEE -207.5 -399.91 1924.44 1 -0.06 -0.7 0.03 0.71 1
j LEFT_FOOT -223.61 -807.44 1974.61 1 0 0 0 0 1
j RIGHT_HIP 4.77 30.42 1880.4 1 -0.04 -0.28 0.05 0.96 1
j RIGHT_KNEE 37.06 -393.43 1924.95 1 -0.09 -0.28 0.03 0.96 1
j RIGHT_FOOT 40.73 -796.81 2003.4 1 0 0 0 0 1
t 8850950000
j HEAD -115.11 663.19 1907.57 1 0.03 -0.02 0.02 1 1
j NECK -108.61 456.73 1896.47 1 0.03 -0.02 0.02 1 1
j LEFT_SHOULDER -259.23 451.67 1890.37 1 0.7 -0.11 0.04 0.71 1
j LEFT_ELBOW -540.14 477.75 1829.28 1 0.68 -0.25 -0.07 0.68 1
j LEFT_HAND -806.89 612.82 1749.86 1 0 0 0 0 1
j RIGHT_SHOULDER 42.01 461.8 1902.56 1 0.5 0.05 0.01 0.87 1
j RIGHT_ELBOW 335.54 480.03 1882.29 1 0.47 0.31 0.16 0.81 1
j RIGHT_HAND 571.31 651.52 1773.7 1 0 0 0 0 1
j TORSO -101.1 243.31 1888.31 1 0.02 -0.02 0.02 1 1
j LEFT_HIP -192.09 26.58 1876.17 1 -0.06 -0.71 0.03 0.7 1
j LEFT_KNEE -210.37 -397.39 1927.06 1 -0.05 -0.71 0.03 0.7 1
j LEFT_FOOT -222.53 -804.98 1978.08 1 0 0 0 0 1
j RIGHT_HIP 4.91 33.21 1884.14 1 -0.04 -0.28 0.05 0.96 1
j RIGHT_KNEE 37.35 -390.55 1929.6 1 -0.08 -0.28 0.03 0.96 1
j RIGHT_FOOT 41.27 -794.86 2002.83 1 0 0 0 0 1
t 8851086000
j HEAD -113.47 665.65 1908.28 1 0.02 -0.02 0.02 1 1
j NECK -106.75 458.51 1899.14 1 0.02 -0.02 0.02 1 1
j LEFT_SHOULDER -257.36 453.34 1892.9 1 0.69 -0.04 0.09 0.71 1
j LEFT_ELBOW -536.58 433.4 1840.86 1 0.69 -0.21 -0.02 0.69 1
j LEFT_HAND -818.08 530.41 1763.13 1 0 0 0 0 1
j RIGHT_SHOULDER 43.86 463.68 1905.37 1 0.53 -0 -0.04 0.85 1
j RIGHT_ELBOW 335.83 440.53 1893.2 1 0.52 0.24 0.1 0.82 1
j RIGHT_HAND 603.09 568.55 1807.85 1 0 0 0 0 1
j TORSO -99.06 245.12 1890.26 1 0.02 -0.02 0.02 1 1
j LEFT_HIP -189.85 28.35 1877.31 1 -0.05 -0.71 0.03 0.7 1
j LEFT_KNEE -206.37 -395.92 1926.2 1 -0.06 -0.71 0.02 0.7 1
j LEFT_FOOT -226.16 -803.45 1974.75 1 0 0 0 0 1
j RIGHT_HIP 7.13 35.12 1885.46 1 -0.04 -0.28 0.05 0.96 1
j RIGHT_KNEE 34.92 -388.96 1930.79 1 -0.08 -0.28 0.04 0.96 1
j RIGHT_FOOT 45.94 -793.95 1999.34 1 0 0 0 0 1
t 8851218000
j HEAD -111.68 662.63 1902.71 1 0.01 -0.02 0.01 1 1
j NECK -105.61 455.73 1898.61 1 0.01 -0.02 0.01 1 1
j LEFT_SHOULDER -256.25 451.18 1892.57 1 0.68 0.01 0.12 0.72 1
j LEFT_ELBOW -540.6 398.64 1848.23 1 0.68 -0.17 0.02 0.71 1
j LEFT_HAND -832.51 462.14 1763.52 1 0 0 0 0 1
j RIGHT_SHOULDER 45.03 460.28 1904.65 1 0.53 -0.05 -0.09 0.84 1
j RIGHT_ELBOW 335.51 397.6 1903.01 1 0.54 0.19 0.07 0.82 1
j RIGHT_HAND 620.81 494.26 1828.59 1 0 0 0 0 1
j TORSO -98.89 242.24 1891.89 1 0.02 -0.02 0.02 1 1
j LEFT_HIP -190.68 25.78 1881.23 1 -0.06 -0.71 0.02 0.7 1
j LEFT_KNEE -209.48 -398.43 1929.98 1 -0.05 -0.71 0.03 0.7 1
j LEFT_FOOT -223.97 -806.25 1978.47 1 0 0 0 0 1
j RIGHT_HIP 6.34 31.73 1889.13 1 -0.04 -0.28 0.05 0.96 1
j RIGHT_KNEE 35.42 -392.74 1929.76 1 -0.09 -0.28 0.03 0.96 1
j RIGHT_FOOT 41.17 -796.73 2004.77 1 0 0 0 0 1
t 8851347000
j HEAD -113.16 661.07 1900.71 1 0 -0.02 0.02 1 1
j NECK -106.84 453.67 1898.95 1 0 -0.02 0.02 1 1
j LEFT_SHOULDER -257.46 449.13 1892.34 1 0.67 0.06 0.16 0.72 1
j LEFT_ELBOW -533.18 355.39 1855.84 1 0.68 -0.12 0.08 0.72 1
j LEFT_HAND -829.75 372.47 1768.7 1 0 0 0 0 1
j RIGHT_SHOULDER 43.77 458.21 1905.57 1 0.53 -0.11 -0.15 0.83 1
j RIGHT_ELBOW 320.09 350.92 1914.63 1 0.55 0.14 0.02 0.82 1
j RIGHT_HAND 619.47 406.75 1848.7 1 0 0 0 0 1
j TORSO -100.16 240.15 1893.41 1 0.01 -0.02 0.02 1 1
j LEFT_HIP -191.98 23.65 1883.54 1 -0.05 -0.71 0.02 0.7 1
j LEFT_KNEE -208.89 -401.51 1923.7 1 -0.05 -0.71 0.03 0.7 1
j LEFT_FOOT -222.34 -809.18 1973.89 1 0 0 0 0 1
j RIGHT_HIP 5.01 29.59 1892.19 1 -0.03 -0.28 0.05 0.96 1
j RIGHT_KNEE 35.49 -395.19 1928.39 1 -0.08 -0.28 0.03 0.95 1
j RIGHT_FOOT 43.46 -799.49 2001.59 1 0 0 0 0 1
t 8851451000
j HEAD -112.89 661.39 1900.61 1 0 -0.02 0.01 1 1
j NECK -107.15 454.5 1899.5 1 0 -0.02 0.01 1 1
j LEFT_SHOULDER -257.8 450.82 1893.15 1 0.66 0.11 0.2 0.72 1
j LEFT_ELBOW -523.78 324.61 1862.2 1 0.68 -0.08 0.12 0.72 1
j LEFT_HAND -822.02 305.66 1776.64 1 0 0 0 0 1
j RIGHT_SHOULDER 43.5 458.19 1905.85 1 0.53 -0.15 -0.19 0.81 1
j RIGHT_ELBOW 306.04 316.47 1920.12 1 0.56 0.1 -0.03 0.82 1
j RIGHT_HAND 610.17 337.1 1861.4 1 0 0 0 0 1
j TORSO -101.66 240.97 1893.12 1 0.02 -0.02 0.01 1 1
j LEFT_HIP -194.68 25.03 1882.58 1 -0.05 -0.71 0.02 0.7 1
j LEFT_KNEE -209.9 -399.9 1925.83 1 -0.06 -0.71 0.03 0.7 1
j LEFT_FOOT -224.21 -807.1 1979.38 1 0 0 0 0 1
j RIGHT_HIP 2.35 29.85 1890.89 1 -0.03 -0.28 0.05 0.96 1
j RIGHT_KNEE 35.59 -394.45 1930.14 1 -0.08 -0.28 0.03 0.96 1
j RIGHT_FOOT 41.89 -799.1 2001.61 1 0 0 0 0 1
t 8851550000
j HEAD -113.16 661.01 1903.48 1 0.01 -0.02 0.01 1 1
j NECK -108.54 452.55 1900 1 0.01 -0.02 0.01 1 1
j LEFT_SHOULDER -259.21 449.33 1893.83 1 0.65 0.15 0.23 0.71 1
j LEFT_ELBOW -504.33 300.48 1870.4 1 0.68 -0.06 0.15 0.71 1
j LEFT_HAND -797.21 258.95 1781.68 1 0 0 0 0 1
j RIGHT_SHOULDER 42.13 455.78 1906.17 1 0.49 -0.18 -0.23 0.82 1
j RIGHT_ELBOW 289.87 291.28 1926.43 1 0.54 0.08 -0.07 0.84 1
j RIGHT_HAND 592.56 282.84 1860.46 1 0 0 0 0 1
j TORSO -103.66 239.04 1892.42 1 0.02 -0.02 0.01 1 1
j LEFT_HIP -197.31 23.41 1880.8 1 -0.05 -0.71 0.02 0.71 1
j LEFT_KNEE -211.51 -401.54 1924.29 1 -0.05 -0.71 0.04 0.7 1
j LEFT_FOOT -221.49 -809.04 1976.56 1 0 0 0 0 1
j RIGHT_HIP -0.25 27.63 1888.87 1 -0.03 -0.28 0.06 0.96 1
j RIGHT_KNEE 38.63 -396.27 1927.08 1 -0.09 -0.28 0.03 0.95 1
j RIGHT_FOOT 39.46 -800.68 2000.11 1 0 0 0 0 1
t 8851651000
j HEAD -112.77 662.83 1901.32 1 0 -0.02 0.01 1 1
j NECK -108.97 453.18 1899.32 1 0 -0.02 0.01 1 1
j LEFT_SHOULDER -259.67 450.06 1893.93 1 0.64 0.19 0.25 0.7 1
j LEFT_ELBOW -493.08 274.87 1877.36 1 0.68 -0.02 0.19 0.71 1
j LEFT_HAND -780.08 200.42 1787.04 1 0 0 0 0 1
j RIGHT_SHOULDER 41.73 456.3 1904.72 1 0.47 -0.21 -0.27 0.81 1
j RIGHT_ELBOW 265.47 266.57 1930.59 1 0.53 0.05 -0.11 0.84 1
j RIGHT_HAND 567.24 224.96 1864.93 1 0 0 0 0 1
j TORSO -104.31 239.64 1892.57 1 0.02 -0.02 0.01 1 1
j LEFT_HIP -198.2 24.06 1882.29 1 -0.05 -0.7 0.03 0.71 1
j LEFT_KNEE -209.21 -400.15 1933.01 1 -0.05 -0.71 0.03 0.71 1
j LEFT_FOOT -220.7 -808.62 1975.93 1 0 0 0 0 1
j RIGHT_HIP -1.1 28.14 1889.35 1 -0.03 -0.28 0.06 0.96 1
j RIGHT_KNEE 38.01 -395.38 1931.46 1 -0.08 -0.28 0.03 0.96 1
j RIGHT_FOOT 42.04 -800.23 2001.84 1 0 0 0 0 1
t 8851782000
j HEAD -112.29 663.15 1897.98 1 0 -0.02 0.01 1 1
j NECK -108.06 453.02 1898.03 1 0 -0.02 0.01 1 1
j LEFT_SHOULDER -258.72 449.81 1891.68 1 0.62 0.23 0.28 0.7 1
j LEFT_ELBOW -479.53 249.21 1882.21 1 0.67 0.02 0.23 0.71 1
j LEFT_HAND -757.44 142.24 1794.66 1 0 0 0 0 1
j RIGHT_SHOULDER 42.6 456.22 1904.38 1 0.45 -0.23 -0.31 0.8 1
j RIGHT_ELBOW 252.35 243.4 1932.15 1 0.53 0.03 -0.15 0.84 1
j RIGHT_HAND 548.08 172.66 1866.31 1 0 0 0 0 1
j TORSO -103.29 239.43 1892.63 1 0.01 -0.02 0.01 1 1
j LEFT_HIP -197.05 23.75 1883.08 1 -0.05 -0.71 0.03 0.7 1
j LEFT_KNEE -206.08 -400.98 1929.87 1 -0.05 -0.71 0.03 0.7 1
j LEFT_FOOT -221.92 -809.16 1974.75 1 0 0 0 0 1
j RIGHT_HIP 0 27.94 1891.38 1 -0.03 -0.28 0.06 0.96 1
j RIGHT_KNEE 40.82 -395.87 1928.7 1 -0.08 -0.28 0.03 0.95 1
j RIGHT_FOOT 42.71 -800.45 2000.8 1 0 0 0 0 1
t 8851914000
j HEAD -112.94 662.2 1898.69 1 0 -0.02 0.01 1 1
j NECK -106.76 452.24 1898.5 1 0 -0.02 0.01 1 1
j LEFT_SHOULDER -257.38 447.96 1891.78 1 0.61 0.25 0.3 0.69 1
j LEFT_ELBOW -472.45 224.25 1886.03 1 0.66 0.04 0.27 0.7 1
j LEFT_HAND -736.45 91.18 1795.19 1 0 0 0 0 1
j RIGHT_SHOULDER 43.86 456.52 1905.21 1 0.43 -0.24 -0.34 0.8 1
j RIGHT_ELBOW 241.02 226.65 1934.55 1 0.51 -0 -0.2 0.84 1
j RIGHT_HAND 526.96 121.16 1871.65 1 0 0 0 0 1
j TORSO -100.47 238.69 1893.54 1 0.01 -0.02 0.01 1 1
j LEFT_HIP -192.67 22.33 1884.18 1 -0.05 -0.71 0.02 0.7 1
j LEFT_KNEE -206.21 -402.65 1927.6 1 -0.06 -0.71 0.03 0.7 1
j LEFT_FOOT -221.08 -810.28 1977.6 1 0 0 0 0 1
j RIGHT_HIP 4.32 27.93 1892.97 1 -0.03 -0.28 0.06 0.96 1
j RIGHT_KNEE 42.43 -395.74 1934.51 1 -0.07 -0.28 0.03 0.96 1
j RIGHT_FOOT 45.5 -801.65 1998.55 1 0 0 0 0 1
t 8852150000
j HEAD -112.68 661.23 1898.39 1 0 -0.02 0.02 1 1
j NECK -105.67 451.37 1898.17 1 0 -0.02 0.02 1 1
j LEFT_SHOULDER -256.27 447.36 1891.03 1 0.6 0.27 0.32 0.68 1
j LEFT_ELBOW -458.26 210.39 1887.48 1 0.66 0.06 0.3 0.69 1
j LEFT_HAND -709.53 57.95 1790.67 1 0 0 0 0 1
j RIGHT_SHOULDER 44.94 455.38 1905.32 1 0.41 -0.25 -0.37 0.79 1
j RIGHT_ELBOW 224.11 215.84 1934.2 1 0.5 -0.02 -0.24 0.83 1
j RIGHT_HAND 498.08 84.39 1870.83 1 0 0 0 0 1
j TORSO -99.77 237.79 1893.89 1 0.01 -0.02 0.01 1 1
j LEFT_HIP -192.37 21.58 1884.93 1 -0.05 -0.71 0.02 0.7 1
j LEFT_KNEE -209.4 -403.48 1926.07 1 -0.06 -0.71 0.03 0.7 1
j LEFT_FOOT -224.67 -811.16 1975.15 1 0 0 0 0 1
j RIGHT_HIP 4.61 26.83 1894.27 1 -0.03 -0.28 0.05 0.96 1
j RIGHT_KNEE 35.48 -397.7 1932.89 1 -0.07 -0.28 0.03 0.96 1
j RIGHT_FOOT 41.86 -803.89 1994.98 1 0 0 0 0 1
t 8852250000
j HEAD -113.1 663.03 1900.02 1 0 -0.02 0.02 1 1
j NECK -106.18 453.41 1898.43 1 0 -0.02 0.02 1 1
j LEFT_SHOULDER -256.79 449.77 1891.01 1 0.59 0.28 0.33 0.68 1
j LEFT_ELBOW -454.04 202.36 1888.34 1 0.66 0.07 0.31 0.68 1
j LEFT_HAND -702.38 42.85 1789.15 1 0 0 0 0 1
j RIGHT_SHOULDER 44.42 457.05 1905.86 1 0.41 -0.26 -0.39 0.78 1
j RIGHT_ELBOW 211.55 208.95 1933.77 1 0.51 -0.03 -0.26 0.82 1
j RIGHT_HAND 481.24 69.27 1868.61 1 0 0 0 0 1
j TORSO -100.76 239.85 1893.13 1 0.01 -0.02 0.01 1 1
j LEFT_HIP -193.82 23.9 1882.97 1 -0.05 -0.71 0.03 0.7 1
j LEFT_KNEE -208.73 -400.58 1930.34 1 -0.05 -0.71 0.03 0.7 1
j LEFT_FOOT -223.94 -808.72 1975.79 1 0 0 0 0 1
j RIGHT_HIP 3.15 28.66 1892.68 1 -0.03 -0.28 0.05 0.96 1
j RIGHT_KNEE 35.01 -395.69 1932.56 1 -0.08 -0.29 0.03 0.95 1
j RIGHT_FOOT 41.94 -800.98 2000.2 1 0 0 0 0 1
t 8852386000
j HEAD -112.21 663.39 1900.18 1 0 -0.03 0.02 1 1
j NECK -105.81 454.26 1898.42 1 0 -0.03 0.02 1 1
j LEFT_SHOULDER -256.39 450.66 1890.6 1 0.59 0.29 0.33 0.68 1
j LEFT_ELBOW -452.48 201.11 1888.55 1 0.66 0.07 0.31 0.68 1
j LEFT_HAND -701.69 39.44 1792.39 1 0 0 0 0 1
j RIGHT_SHOULDER 44.77 457.87 1906.24 1 0.41 -0.27 -0.4 0.78 1
j RIGHT_ELBOW 206.91 206.47 1933.67 1 0.51 -0.03 -0.26 0.82 1
j RIGHT_HAND 475.16 65.55 1866.91 1 0 0 0 0 1
j TORSO -100.39 240.71 1892.48 1 0.01 -0.03 0.01 1 1
j LEFT_HIP -193.45 24.8 1881.42 1 -0.05 -0.71 0.03 0.7 1
j LEFT_KNEE -208.21 -399.74 1928.39 1 -0.05 -0.71 0.03 0.7 1
j LEFT_FOOT -224.14 -807.67 1975.57 1 0 0 0 0 1
j RIGHT_HIP 3.5 29.52 1891.65 1 -0.04 -0.28 0.05 0.96 1
j RIGHT_KNEE 32.19 -395.03 1931.81 1 -0.08 -0.29 0.04 0.95 1
j RIGHT_FOOT 43.28 -800.08 2000.37 1 0 0 0 0 1
t 8852615000
j HEAD -111.72 662.31 1900.25 1 0.01 -0.02 0.02 1 1
j NECK -105.35 453.26 1897.21 1 0.01 -0.02 0.02 1 1
j LEFT_SHOULDER -255.99 449.75 1890.65 1 0.6 0.28 0.32 0.68 1
j LEFT_ELBOW -449.12 219.03 1888.42 1 0.66 0.07 0.29 0.69 1
j LEFT_HAND -701.31 68.21 1796.94 1 0 0 0 0 1
j RIGHT_SHOULDER 45.29 456.78 1903.76 1 0.44 -0.27 -0.37 0.77 1
j RIGHT_ELBOW 220.23 211.12 1933.9 1 0.53 -0.04 -0.23 0.82 1
j RIGHT_HAND 497.45 81.97 1879.67 1 0 0 0 0 1
j TORSO -100.07 239.73 1890.48 1 0.02 -0.02 0.01 1 1
j LEFT_HIP -193.31 23.9 1879.48 1 -0.05 -0.71 0.03 0.7 1
j LEFT_KNEE -210.62 -400.37 1928.07 1 -0.05 -0.71 0.03 0.7 1
j LEFT_FOOT -222.77 -808.42 1975.37 1 0 0 0 0 1
j RIGHT_HIP 3.72 28.49 1888.05 1 -0.03 -0.28 0.05 0.96 1
j RIGHT_KNEE 35.71 -395.9 1927.33 1 -0.08 -0.28 0.03 0.96 1
j RIGHT_FOOT 43.8 -800.55 1998.63 1 0 0 0 0 1
t 8852747000
j HEAD -111.92 663.51 1902.77 1 0.01 -0.02 0.01 1 1
j NECK -106.15 453.62 1897.84 1 0.01 -0.02 0.01 1 1
j LEFT_SHOULDER -256.82 450.17 1891.7 1 0.61 0.25 0.29 0.69 1
j LEFT_ELBOW -466.02 238.51 1886.89 1 0.67 0.04 0.26 0.7 1
j LEFT_HAND -730.81 107.89 1798.35 1 0 0 0 0 1
j RIGHT_SHOULDER 44.51 457.07 1903.98 1 0.46 -0.26 -0.33 0.78 1
j RIGHT_ELBOW 246.56 227.28 1933.47 1 0.54 -0.03 -0.18 0.82 1
j RIGHT_HAND 536.01 124.52 1885.81 1 0 0 0 0 1
j TORSO -100.92 240.14 1889.5 1 0.02 -0.02 0.01 1 1
j LEFT_HIP -194.22 24.41 1877.14 1 -0.05 -0.71 0.02 0.71 1
j LEFT_KNEE -210.95 -400.38 1921.21 1 -0.06 -0.71 0.04 0.71 1
j LEFT_FOOT -222 -807.7 1974.39 1 0 0 0 0 1
j RIGHT_HIP 2.83 28.93 1885.17 1 -0.03 -0.28 0.05 0.96 1
j RIGHT_KNEE 35.29 -395.58 1922.76 1 -0.09 -0.28 0.03 0.95 1
j RIGHT_FOOT 41.32 -798.81 2001.56 1 0 0 0 0 1
t 8853014000
j HEAD -111.91 666.16 1903.42 1 0.01 -0.02 0.01 1 1
j NECK -106.34 457.1 1900.35 1 0.01 -0.02 0.01 1 1
j LEFT_SHOULDER -256.99 453.28 1894.04 1 0.64 0.17 0.24 0.71 1
j LEFT_ELBOW -502.06 290.09 1873.2 1 0.68 -0 0.16 0.72 1
j LEFT_HAND -791.75 222.5 1805.36 1 0 0 0 0 1
j RIGHT_SHOULDER 44.31 460.93 1906.67 1 0.49 -0.18 -0.25 0.82 1
j RIGHT_ELBOW 290.58 284.36 1923.93 1 0.53 0.01 -0.09 0.84 1
j RIGHT_HAND 592.77 237.53 1889.62 1 0 0 0 0 1
j TORSO -100.63 243.6 1893.17 1 0.02 -0.02 0.01 1 1
j LEFT_HIP -193.43 27.59 1881.86 1 -0.05 -0.71 0.03 0.7 1
j LEFT_KNEE -208.08 -397.02 1928.03 1 -0.06 -0.71 0.03 0.7 1
j LEFT_FOOT -226.25 -804.77 1975.53 1 0 0 0 0 1
j RIGHT_HIP 3.61 32.59 1890.12 1 -0.03 -0.28 0.05 0.96 1
j RIGHT_KNEE 34.67 -392.01 1928 1 -0.09 -0.28 0.03 0.95 1
j RIGHT_FOOT 41.68 -795.57 2005.29 1 0 0 0 0 1
t 8853118000
j HEAD -110.83 666.37 1907.32 1 0.01 -0.02 0.01 1 1
j NECK -105.57 458.01 1902.69 1 0.01 -0.02 0.01 1 1
j LEFT_SHOULDER -256.23 454.12 1896.53 1 0.67 0.09 0.18 0.72 1
j LEFT_ELBOW -527.52 341.02 1865.58 1 0.69 -0.04 0.08 0.72 1
j LEFT_HAND -830.21 326.05 1813.68 1 0 0 0 0 1
j RIGHT_SHOULDER 45.08 461.89 1908.86 1 0.5 -0.12 -0.17 0.84 1
j RIGHT_ELBOW 326.89 338.09 1918.25 1 0.53 0.05 -0.02 0.85 1
j RIGHT_HAND 635.68 342.09 1887.67 1 0 0 0 0 1
j TORSO -99.76 244.51 1895.19 1 0.02 -0.02 0.01 1 1
j LEFT_HIP -192.47 28.47 1883.65 1 -0.05 -0.71 0.02 0.7 1
j LEFT_KNEE -207.39 -396.46 1926.99 1 -0.05 -0.71 0.02 0.7 1
j LEFT_FOOT -224.62 -804.47 1972.94 1 0 0 0 0 1
j RIGHT_HIP 4.57 33.55 1891.71 1 -0.03 -0.28 0.05 0.96 1
j RIGHT_KNEE 36.84 -391.44 1923.46 1 -0.09 -0.28 0.03 0.95 1
j RIGHT_FOOT 41.32 -794.5 2003.53 1 0 0 0 0 1
t 8853186000
j HEAD -110.06 667.04 1908.02 1 0.01 -0.02 0.01 1 1
j NECK -104.66 458.32 1902.57 1 0.01 -0.02 0.01 1 1
j LEFT_SHOULDER -255.34 454.47 1896.85 1 0.68 0.05 0.14 0.72 1
j LEFT_ELBOW -534.11 378.51 1861.44 1 0.69 -0.09 0.02 0.72 1
j LEFT_HAND -835.49 407.05 1813.68 1 0 0 0 0 1
j RIGHT_SHOULDER 46.01 462.16 1908.29 1 0.51 -0.08 -0.11 0.85 1
j RIGHT_ELBOW 341.24 376.26 1917.04 1 0.52 0.1 0.03 0.85 1
j RIGHT_HAND 644.67 424.28 1874.45 1 0 0 0 0 1
j TORSO -98.92 244.83 1894.63 1 0.02 -0.02 0.01 1 1
j LEFT_HIP -191.71 28.84 1882.94 1 -0.05 -0.71 0.02 0.71 1
j LEFT_KNEE -211.22 -395.85 1926.89 1 -0.05 -0.71 0.03 0.71 1
j LEFT_FOOT -222.27 -803.84 1974.75 1 0 0 0 0 1
j RIGHT_HIP 5.36 33.86 1890.42 1 -0.03 -0.28 0.04 0.96 1
j RIGHT_KNEE 34.7 -391.21 1923.89 1 -0.09 -0.28 0.03 0.96 1
j RIGHT_FOOT 39.72 -794.63 2002.15 1 0 0 0 0 1
t 8853314000
j HEAD -110.88 663.78 1907.66 1 0.02 -0.02 0.01 1 1
j NECK -105.35 456.68 1901.2 1 0.02 -0.02 0.01 1 1
j LEFT_SHOULDER -256 451.84 1895.46 1 0.68 -0.01 0.08 0.72 1
j LEFT_ELBOW -540.89 422.54 1859.78 1 0.69 -0.14 -0.05 0.71 1
j LEFT_HAND -834.94 504.48 1817.33 1 0 0 0 0 1
j RIGHT_SHOULDER 45.29 461.53 1906.95 1 0.51 -0.04 -0.04 0.86 1
j RIGHT_ELBOW 348.69 429.65 1914.46 1 0.51 0.15 0.09 0.84 1
j RIGHT_HAND 640.25 523.26 1866.22 1 0 0 0 0 1
j TORSO -98.22 243.21 1894.12 1 0.02 -0.02 0.02 1 1
j LEFT_HIP -189.6 26.57 1883.28 1 -0.05 -0.71 0.02 0.71 1
j LEFT_KNEE -208.14 -398.31 1925.83 1 -0.05 -0.71 0.03 0.71 1
j LEFT_FOOT -221.77 -806.15 1974.5 1 0 0 0 0 1
j RIGHT_HIP 7.43 32.91 1890.8 1 -0.03 -0.28 0.04 0.96 1
j RIGHT_KNEE 35.61 -392.17 1925.32 1 -0.08 -0.28 0.03 0.96 1
j RIGHT_FOOT 42.9 -796.26 1999.58 1 0 0 0 0 1
t 8853447000
j HEAD -111.87 659.9 1907.71 1 0.02 -0.02 0.02 1 1
j NECK -104.67 455.01 1899.39 1 0.02 -0.02 0.02 1 1
j LEFT_SHOULDER -255.28 449.47 1893.37 1 0.69 -0.07 0.02 0.72 1
j LEFT_ELBOW -543.81 470.07 1855.65 1 0.68 -0.19 -0.11 0.7 1
j LEFT_HAND -823.29 597.18 1818.12 1 0 0 0 0 1
j RIGHT_SHOULDER 45.94 460.54 1905.41 1 0.51 0 0.03 0.86 1
j RIGHT_ELBOW 353.08 473.97 1913.13 1 0.49 0.21 0.15 0.83 1
j RIGHT_HAND 619.9 614.86 1851.36 1 0 0 0 0 1
j TORSO -96.54 241.57 1892.41 1 0.02 -0.02 0.02 1 1
j LEFT_HIP -186.91 24.5 1881.5 1 -0.05 -0.71 0.02 0.7 1
j LEFT_KNEE -206.87 -400.31 1924.08 1 -0.06 -0.71 0.03 0.7 1
j LEFT_FOOT -224.49 -807.63 1975.72 1 0 0 0 0 1
j RIGHT_HIP 10.07 31.75 1889.37 1 -0.03 -0.28 0.04 0.96 1
j RIGHT_KNEE 35.59 -393.46 1924.3 1 -0.09 -0.28 0.03 0.96 1
j RIGHT_FOOT 42.26 -796.98 2001.81 1 0 0 0 0 1
t 8853546000
j HEAD -111.39 658.71 1907.88 1 0.02 -0.02 0.02 1 1
j NECK -104.03 453.57 1898.04 1 0.02 -0.02 0.02 1 1
j LEFT_SHOULDER -254.67 448.13 1892.75 1 0.69 -0.12 -0.03 0.72 1
j LEFT_ELBOW -550.65 509.05 1854.72 1 0.67 -0.25 -0.16 0.68 1
j LEFT_HAND -804.89 681.14 1816.21 1 0 0 0 0 1
j RIGHT_SHOULDER 46.61 459.01 1903.33 1 0.51 0.04 0.08 0.86 1
j RIGHT_ELBOW 345.58 512.46 1907.87 1 0.47 0.25 0.21 0.82 1
j RIGHT_HAND 591.43 691.67 1845.01 1 0 0 0 0 1
j TORSO -96.09 240.11 1891.47 1 0.02 -0.02 0.02 1 1
j LEFT_HIP -186.66 23.09 1881.45 1 -0.06 -0.71 0.02 0.71 1
j LEFT_KNEE -208.14 -401.36 1926.88 1 -0.06 -0.71 0.03 0.71 1
j LEFT_FOOT -224.02 -809.09 1975.76 1 0 0 0 0 1
j RIGHT_HIP 10.36 30.2 1888.37 1 -0.03 -0.28 0.04 0.96 1
j RIGHT_KNEE 34.74 -395.06 1923.54 1 -0.09 -0.28 0.04 0.96 1
j RIGHT_FOOT 42.09 -798.59 2001 1 0 0 0 0 1
t 8853742000
j HEAD -112.83 659.02 1907.59 1 0.03 -0.01 0.02 1 1
j NECK -105.58 454.54 1896.93 1 0.03 -0.01 0.02 1 1
j LEFT_SHOULDER -256.23 448.82 1892.43 1 0.69 -0.13 -0.05 0.71 1
j LEFT_ELBOW -527.55 519.43 1856.11 1 0.65 -0.31 -0.2 0.66 1
j LEFT_HAND -750.89 725.11 1812.35 1 0 0 0 0 1
j RIGHT_SHOULDER 45.08 460.26 1901.43 1 0.56 0.07 0.09 0.82 1
j RIGHT_ELBOW 319.51 525.52 1899.39 1 0.52 0.29 0.24 0.77 1
j RIGHT_HAND 540.96 730.87 1841.61 1 0 0 0 0 1
j TORSO -97.26 241.1 1890.06 1 0.02 -0.01 0.02 1 1
j LEFT_HIP -187.47 23.92 1880.25 1 -0.05 -0.7 0.01 0.71 1
j LEFT_KNEE -211.14 -400.78 1922.06 1 -0.06 -0.7 0.04 0.71 1
j LEFT_FOOT -223.75 -807.68 1978.21 1 0 0 0 0 1
j RIGHT_HIP 9.57 31.41 1886.14 1 -0.04 -0.27 0.04 0.96 1
j RIGHT_KNEE 36.9 -393.32 1925.35 1 -0.09 -0.28 0.03 0.96 1
j RIGHT_FOOT 40.75 -797.1 2001.78 1 0 0 0 0 1
t 8853843000
j HEAD -115.17 660.19 1908.94 1 0.03 -0.01 0.02 1 1
j NECK -106.95 455.51 1896.73 1 0.03 -0.01 0.02 1 1
j LEFT_SHOULDER -257.61 449.45 1892.98 1 0.67 -0.14 -0.05 0.73 1
j LEFT_ELBOW -523.64 524.39 1855.07 1 0.63 -0.33 -0.23 0.66 1
j LEFT_HAND -729.27 747.29 1808.18 1 0 0 0 0 1
j RIGHT_SHOULDER 43.72 461.56 1900.47 1 0.58 0.08 0.1 0.81 1
j RIGHT_ELBOW 312.06 533.02 1896.39 1 0.53 0.3 0.26 0.75 1
j RIGHT_HAND 520.96 751.01 1839.5 1 0 0 0 0 1
j TORSO -98.18 242.11 1889.32 1 0.02 -0.01 0.02 1 1
j LEFT_HIP -187.95 24.74 1879.47 1 -0.06 -0.7 0.02 0.71 1
j LEFT_KNEE -208.55 -399.66 1925.65 1 -0.05 -0.7 0.03 0.71 1
j LEFT_FOOT -224.43 -807.51 1973.38 1 0 0 0 0 1
j RIGHT_HIP 9.1 32.66 1884.37 1 -0.04 -0.27 0.04 0.96 1
j RIGHT_KNEE 35.11 -392.12 1923.83 1 -0.09 -0.27 0.03 0.96 1
j RIGHT_FOOT 39.79 -796.08 1999.1 1 0 0 0 0 1
t 8853946000
j HEAD -117.55 663.72 1908.7 1 0.03 -0.01 0.02 1 1
j NECK -108.02 457.75 1896.19 1 0.03 -0.01 0.02 1 1
j LEFT_SHOULDER -258.65 451.29 1891.94 1 0.66 -0.15 -0.06 0.74 1
j LEFT_ELBOW -524.3 527.92 1852.72 1 0.61 -0.35 -0.24 0.67 1
j LEFT_HAND -720.8 758.17 1800.42 1 0 0 0 0 1
j RIGHT_SHOULDER 42.61 464.2 1900.44 1 0.58 0.08 0.1 0.8 1
j RIGHT_ELBOW 307.75 533.01 1896.8 1 0.53 0.32 0.27 0.74 1
j RIGHT_HAND 508.43 758.61 1839.68 1 0 0 0 0 1
j TORSO -98.67 244.36 1889.02 1 0.02 -0.01 0.02 1 1
j LEFT_HIP -187.83 26.76 1879.08 1 -0.06 -0.7 0.02 0.71 1
j LEFT_KNEE -208.15 -397.51 1926.76 1 -0.05 -0.7 0.03 0.71 1
j LEFT_FOOT -223.57 -805.47 1973.83 1 0 0 0 0 1
j RIGHT_HIP 9.18 35.2 1884.64 1 -0.04 -0.27 0.04 0.96 1
j RIGHT_KNEE 36.56 -389.52 1924.07 1 -0.09 -0.28 0.03 0.96 1
j RIGHT_FOOT 42.52 -793.08 2001.48 1 0 0 0 0 1
t 8854114000
j HEAD -119.58 663.07 1907.98 1 0.03 -0.01 0.02 1 1
j NECK -110.02 457.97 1895.27 1 0.03 -0.01 0.02 1 1
j LEFT_SHOULDER -260.64 451.06 1891.15 1 0.65 -0.14 -0.05 0.75 1
j LEFT_ELBOW -527.16 520.03 1851.55 1 0.6 -0.35 -0.24 0.67 1
j LEFT_HAND -723.78 749.01 1793.67 1 0 0 0 0 1
j RIGHT_SHOULDER 40.59 464.88 1899.39 1 0.58 0.07 0.09 0.81 1
j RIGHT_ELBOW 309.25 528.09 1897.03 1 0.52 0.32 0.27 0.75 1
j RIGHT_HAND 508.34 753.81 1834.77 1 0 0 0 0 1
j TORSO -100.02 244.64 1887.57 1 0.02 -0.01 0.02 1 1
j LEFT_HIP -188.52 26.78 1877.18 1 -0.06 -0.7 0.02 0.71 1
j LEFT_KNEE -208.9 -397.57 1924.04 1 -0.06 -0.7 0.03 0.71 1
j LEFT_FOOT -224.07 -805.31 1973.09 1 0 0 0 0 1
j RIGHT_HIP 8.47 35.82 1882.57 1 -0.03 -0.27 0.04 0.96 1
j RIGHT_KNEE 36.47 -389 1920.42 1 -0.1 -0.28 0.04 0.96 1
j RIGHT_FOOT 42.47 -791.05 2004.77 1 0 0 0 0 1
t 8854182000
j HEAD -119.66 661.12 1907.75 1 0.03 -0.02 0.02 1 1
j NECK -110.42 456.69 1894.74 1 0.03 -0.02 0.02 1 1
j LEFT_SHOULDER -260.96 449.5 1888.67 1 0.64 -0.12 -0.03 0.76 1
j LEFT_ELBOW -532.02 506 1849.65 1 0.6 -0.34 -0.22 0.69 1
j LEFT_HAND -736.83 726.9 1788.89 1 0 0 0 0 1
j RIGHT_SHOULDER 40.11 463.87 1900.82 1 0.57 0.06 0.07 0.81 1
j RIGHT_ELBOW 310.7 515.33 1898.25 1 0.52 0.32 0.26 0.75 1
j RIGHT_HAND 515.07 735.24 1832.53 1 0 0 0 0 1
j TORSO -99.92 243.39 1886.77 1 0.02 -0.02 0.02 1 1
j LEFT_HIP -187.85 25.38 1874.82 1 -0.06 -0.71 0.02 0.7 1
j LEFT_KNEE -206.62 -398.91 1922.84 1 -0.06 -0.71 0.03 0.7 1
j LEFT_FOOT -223.44 -806.49 1972.56 1 0 0 0 0 1
j RIGHT_HIP 9.03 34.78 1882.76 1 -0.03 -0.28 0.04 0.96 1
j RIGHT_KNEE 35.7 -390.08 1920.98 1 -0.09 -0.28 0.04 0.95 1
j RIGHT_FOOT 44.72 -792.53 2003.42 1 0 0 0 0 1
t 8854282000
j HEAD -120.85 660.96 1908.02 1 0.03 -0.02 0.02 1 1
j NECK -111.15 455.68 1895.17 1 0.03 -0.02 0.02 1 1
j LEFT_SHOULDER -261.66 448.28 1888.76 1 0.61 -0.1 -0.01 0.78 1
j LEFT_ELBOW -543.21 488.34 1848.76 1 0.58 -0.33 -0.2 0.72 1
j LEFT_HAND -758.46 694.3 1773.75 1 0 0 0 0 1
j RIGHT_SHOULDER 39.36 463.08 1901.58 1 0.56 0.04 0.05 0.83 1
j RIGHT_ELBOW 328.63 499.85 1898.91 1 0.51 0.32 0.24 0.76 1
j RIGHT_HAND 539.57 713.48 1822.21 1 0 0 0 0 1
j TORSO -100.29 242.43 1886.33 1 0.02 -0.02 0.02 1 1
j LEFT_HIP -187.85 24.34 1873.29 1 -0.06 -0.71 0.03 0.7 1
j LEFT_KNEE -207.83 -399.63 1923.51 1 -0.06 -0.71 0.03 0.7 1
j LEFT_FOOT -223.37 -807.31 1972.67 1 0 0 0 0 1
j RIGHT_HIP 9 34.02 1881.68 1 -0.04 -0.28 0.04 0.96 1
j RIGHT_KNEE 35.44 -390.7 1921.65 1 -0.09 -0.28 0.04 0.95 1
j RIGHT_FOOT 43.7 -794.14 1999.12 1 0 0 0 0 1
t 8854410000
j HEAD -120.04 660.67 1908.26 1 0.03 -0.02 0.02 1 1
j NECK -110.57 455.07 1895.83 1 0.03 -0.02 0.02 1 1
j LEFT_SHOULDER -261.08 448.06 1889.1 1 0.61 -0.06 0.03 0.79 1
j LEFT_ELBOW -548.2 458.66 1850.13 1 0.59 -0.3 -0.16 0.73 1
j LEFT_HAND -785.67 638.74 1773.67 1 0 0 0 0 1
j RIGHT_SHOULDER 39.95 462.08 1902.55 1 0.56 0.02 0.02 0.83 1
j RIGHT_ELBOW 335.76 477.65 1901.27 1 0.52 0.29 0.2 0.78 1
j RIGHT_HAND 568.99 669.7 1828.49 1 0 0 0 0 1
j TORSO -100.22 241.82 1886.4 1 0.02 -0.02 0.02 1 1
j LEFT_HIP -188.3 23.99 1872.57 1 -0.06 -0.71 0.03 0.7 1
j LEFT_KNEE -209.21 -399.68 1924.93 1 -0.05 -0.71 0.03 0.7 1
j LEFT_FOOT -223.73 -807.65 1971.55 1 0 0 0 0 1
j RIGHT_HIP 8.56 33.15 1881.36 1 -0.04 -0.28 0.04 0.96 1
j RIGHT_KNEE 33.9 -391.16 1926.03 1 -0.08 -0.28 0.03 0.95 1
j RIGHT_FOOT 42.1 -795.49 1998.82 1 0 0 0 0 1
t 8854543000
j HEAD -119.26 661.14 1907.83 1 0.03 -0.02 0.02 1 1
j NECK -109.99 455.17 1896.78 1 0.03 -0.02 0.02 1 1
j LEFT_SHOULDER -260.52 448.09 1890.47 1 0.6 -0.02 0.07 0.79 1
j LEFT_ELBOW -549.54 423.42 1853.87 1 0.6 -0.25 -0.1 0.76 1
j LEFT_HAND -812.7 561.11 1776.48 1 0 0 0 0 1
j RIGHT_SHOULDER 40.54 462.25 1903.08 1 0.57 -0.03 -0.03 0.82 1
j RIGHT_ELBOW 336.21 436.66 1907.47 1 0.55 0.24 0.15 0.79 1
j RIGHT_HAND 597.7 593.14 1844.98 1 0 0 0 0 1
j TORSO -99.58 241.91 1887.74 1 0.02 -0.02 0.02 1 1
j LEFT_HIP -187.61 24.01 1874.59 1 -0.06 -0.71 0.02 0.7 1
j LEFT_KNEE -207.73 -400.08 1923.61 1 -0.06 -0.71 0.03 0.7 1
j LEFT_FOOT -226.63 -807.5 1973.48 1 0 0 0 0 1
j RIGHT_HIP 9.27 33.27 1882.83 1 -0.04 -0.28 0.04 0.96 1
j RIGHT_KNEE 36.66 -391.44 1922.09 1 -0.09 -0.28 0.03 0.95 1
j RIGHT_FOOT 40.96 -794.27 2003.06 1 0 0 0 0 1
t 8854683000
j HEAD -118.82 663.99 1907.28 1 0.02 -0.02 0.02 1 1
j NECK -108.7 456.33 1897.95 1 0.02 -0.02 0.02 1 1
j LEFT_SHOULDER -259.23 449.83 1890.96 1 0.58 0.03 0.13 0.8 1
j LEFT_ELBOW -536.3 377.67 1862.69 1 0.59 -0.2 -0.04 0.78 1
j LEFT_HAND -818.48 465.97 1782.56 1 0 0 0 0 1
j RIGHT_SHOULDER 41.83 462.84 1904.94 1 0.56 -0.08 -0.09 0.82 1
j RIGHT_ELBOW 331.14 395.1 1912.46 1 0.56 0.19 0.1 0.8 1
j RIGHT_HAND 611.25 509.5 1850.65 1 0 0 0 0 1
j TORSO -99.05 243.04 1888.65 1 0.02 -0.02 0.02 1 1
j LEFT_HIP -187.84 25.5 1874.78 1 -0.06 -0.71 0.02 0.7 1
j LEFT_KNEE -209.77 -398.62 1922.98 1 -0.06 -0.71 0.03 0.7 1
j LEFT_FOOT -223.13 -805.86 1976.34 1 0 0 0 0 1
j RIGHT_HIP 9.04 34.01 1883.91 1 -0.04 -0.28 0.04 0.96 1
j RIGHT_KNEE 35.57 -390.63 1924.53 1 -0.09 -0.28 0.03 0.95 1
j RIGHT_FOOT 39.96 -794.6 1999.68 1 0 0 0 0 1
t 8854815000
j HEAD -116.32 664.66 1907.14 1 0.02 -0.02 0.02 1 1
j NECK -107.8 457 1898.66 1 0.02 -0.02 0.02 1 1
j LEFT_SHOULDER -258.36 451.64 1891.59 1 0.54 0.08 0.2 0.81 1
j LEFT_ELBOW -518.91 335.04 1869.41 1 0.57 -0.15 0.03 0.8 1
j LEFT_HAND -811.23 372.17 1781.52 1 0 0 0 0 1
j RIGHT_SHOULDER 42.77 462.37 1905.73 1 0.56 -0.12 -0.15 0.81 1
j RIGHT_ELBOW 319.95 351.92 1914.09 1 0.57 0.15 0.04 0.8 1
j RIGHT_HAND 616.72 423.93 1854.34 1 0 0 0 0 1
j TORSO -99.75 243.65 1889.27 1 0.02 -0.02 0.02 1 1
j LEFT_HIP -190.16 26.79 1875.25 1 -0.06 -0.71 0.02 0.7 1
j LEFT_KNEE -212.07 -397.45 1922.35 1 -0.06 -0.71 0.04 0.7 1
j LEFT_FOOT -223.85 -804.52 1977.48 1 0 0 0 0 1
j RIGHT_HIP 6.76 33.81 1884.5 1 -0.04 -0.28 0.04 0.96 1
j RIGHT_KNEE 33.33 -390.75 1926.05 1 -0.08 -0.28 0.04 0.95 1
j RIGHT_FOOT 43.99 -795.32 1997.19 1 0 0 0 0 1
t 8854946000
j HEAD -116.55 665.09 1907.74 1 0.02 -0.02 0.02 1 1
j NECK -108.41 457.36 1899.67 1 0.02 -0.02 0.02 1 1
j LEFT_SHOULDER -258.99 452.36 1892.56 1 0.5 0.13 0.26 0.82 1
j LEFT_ELBOW -505.61 290.6 1878.79 1 0.55 -0.11 0.1 0.82 1
j LEFT_HAND -799.64 276.94 1787.09 1 0 0 0 0 1
j RIGHT_SHOULDER 42.16 462.37 1906.78 1 0.54 -0.15 -0.2 0.8 1
j RIGHT_ELBOW 308.61 313.87 1915.63 1 0.57 0.11 -0.02 0.81 1
j RIGHT_HAND 610.88 342.45 1853.1 1 0 0 0 0 1
j TORSO -100.84 244.03 1889.44 1 0.02 -0.02 0.02 1 1
j LEFT_HIP -191.73 27.43 1874.57 1 -0.06 -0.71 0.03 0.7 1
j LEFT_KNEE -209.93 -396.41 1926.57 1 -0.06 -0.71 0.03 0.7 1
j LEFT_FOOT -226.58 -804.17 1974.64 1 0 0 0 0 1
j RIGHT_HIP 5.21 33.98 1883.87 1 -0.03 -0.28 0.05 0.96 1
j RIGHT_KNEE 34.32 -390.73 1922.06 1 -0.09 -0.28 0.04 0.95 1
j RIGHT_FOOT 41.88 -793.92 2001.06 1 0 0 0 0 1
t 8855047000
j HEAD -115.03 666.54 1907.3 1 0.02 -0.02 0.02 1 1
j NECK -107.53 457.96 1899.71 1 0.02 -0.02 0.02 1 1
j LEFT_SHOULDER -258.12 453.36 1892.61 1 0.44 0.16 0.31 0.82 1
j LEFT_ELBOW -487.78 253.24 1886.07 1 0.52 -0.09 0.17 0.83 1
j LEFT_HAND -772.79 193.62 1784.76 1 0 0 0 0 1
j RIGHT_SHOULDER 43.07 462.56 1906.8 1 0.51 -0.18 -0.25 0.8 1
j RIGHT_ELBOW 293.27 283.39 1917.42 1 0.56 0.08 -0.08 0.82 1
j RIGHT_HAND 595.77 269.14 1850.57 1 0 0 0 0 1
j TORSO -100.53 244.6 1889.76 1 0.02 -0.02 0.02 1 1
j LEFT_HIP -192.02 28.22 1875.17 1 -0.06 -0.71 0.02 0.7 1
j LEFT_KNEE -211.68 -396 1923.41 1 -0.05 -0.71 0.03 0.7 1
j LEFT_FOOT -225.21 -803.61 1973.78 1 0 0 0 0 1
j RIGHT_HIP 4.94 34.24 1884.45 1 -0.04 -0.28 0.05 0.96 1
j RIGHT_KNEE 35.05 -390.21 1924.58 1 -0.09 -0.28 0.04 0.95 1
j RIGHT_FOOT 44.29 -793.89 2001.01 1 0 0 0 0 1
t 8855115000
j HEAD -114.56 667.47 1907.77 1 0.02 -0.02 0.02 1 1
j NECK -107.22 458.04 1900.18 1 0.02 -0.02 0.02 1 1
j LEFT_SHOULDER -257.84 453.77 1893.43 1 0.4 0.17 0.36 0.83 1
j LEFT_ELBOW -469.95 232.49 1891.59 1 0.48 -0.08 0.22 0.84 1
j LEFT_HAND -741.34 141.14 1783.11 1 0 0 0 0 1
j RIGHT_SHOULDER 43.39 462.31 1906.93 1 0.49 -0.2 -0.29 0.8 1
j RIGHT_ELBOW 273.83 260.93 1920.3 1 0.55 0.06 -0.12 0.82 1
j RIGHT_HAND 573.95 217.17 1849.31 1 0 0 0 0 1
j TORSO -100.73 244.66 1890.32 1 0.02 -0.02 0.01 1 1
j LEFT_HIP -192.73 28.48 1876.03 1 -0.06 -0.71 0.02 0.7 1
j LEFT_KNEE -212.61 -395.93 1922.62 1 -0.06 -0.71 0.04 0.7 1
j LEFT_FOOT -225.03 -803.26 1975.74 1 0 0 0 0 1
j RIGHT_HIP 4.26 34.07 1884.87 1 -0.03 -0.28 0.05 0.96 1
j RIGHT_KNEE 34.57 -390.7 1921.31 1 -0.09 -0.28 0.04 0.95 1
j RIGHT_FOOT 40.95 -793.34 2003.1 1 0 0 0 0 1
t 8855247000
j HEAD -113.55 664.64 1904.92 1 0.01 -0.03 0.02 1 1
j NECK -106.44 455.31 1899.3 1 0.01 -0.03 0.02 1 1
j LEFT_SHOULDER -257.03 451.62 1891.62 1 0.3 0.18 0.42 0.84 1
j LEFT_ELBOW -439.99 193.62 1904.15 1 0.41 -0.07 0.32 0.85 1
j LEFT_HAND -679.84 43.29 1788.93 1 0 0 0 0 1
j RIGHT_SHOULDER 44.14 459 1906.98 1 0.44 -0.23 -0.35 0.8 1
j RIGHT_ELBOW 246.7 224.73 1925.38 1 0.52 0.02 -0.2 0.83 1
j RIGHT_HAND 529.67 127.57 1851.1 1 0 0 0 0 1
j TORSO -100.78 241.86 1890.77 1 0.02 -0.03 0.01 1 1
j LEFT_HIP -193.58 25.99 1877.21 1 -0.05 -0.71 0.02 0.7 1
j LEFT_KNEE -213.4 -398.49 1923.03 1 -0.05 -0.71 0.03 0.7 1
j LEFT_FOOT -222.51 -806.81 1968.56 1 0 0 0 0 1
j RIGHT_HIP 3.37 30.82 1887.26 1 -0.03 -0.28 0.05 0.96 1
j RIGHT_KNEE 34.3 -393.87 1924.08 1 -0.09 -0.29 0.03 0.95 1
j RIGHT_FOOT 41.19 -797.74 1999.58 1 0 0 0 0 1
t 8855311000
j HEAD -112.2 661.95 1902.17 1 0.01 -0.03 0.01 1 1
j NECK -106.45 452.36 1897.85 1 0.01 -0.03 0.01 1 1
j LEFT_SHOULDER -257.03 449.17 1889.86 1 0.26 0.18 0.46 0.83 1
j LEFT_ELBOW -420.98 172.66 1910.53 1 0.36 -0.04 0.39 0.84 1
j LEFT_HAND -632.66 -24.61 1803.23 1 0 0 0 0 1
j RIGHT_SHOULDER 44.13 455.54 1905.84 1 0.4 -0.25 -0.39 0.79 1
j RIGHT_ELBOW 216.94 206.67 1929.35 1 0.49 -0.01 -0.27 0.83 1
j RIGHT_HAND 480.46 66.23 1855.81 1 0 0 0 0 1
j TORSO -101.52 238.86 1890.08 1 0.02 -0.03 0.01 1 1
j LEFT_HIP -195.07 23.27 1877.09 1 -0.06 -0.71 0.03 0.7 1
j LEFT_KNEE -211.81 -400.82 1927.46 1 -0.05 -0.71 0.03 0.7 1
j LEFT_FOOT -225.95 -808.91 1973.81 1 0 0 0 0 1
j RIGHT_HIP 1.88 27.44 1887.53 1 -0.03 -0.28 0.04 0.96 1
j RIGHT_KNEE 30.89 -397.43 1923.97 1 -0.09 -0.29 0.04 0.95 1
j RIGHT_FOOT 39.04 -800.58 2003.22 1 0 0 0 0 1
t 8855442000
j HEAD -112.45 660.4 1899.72 1 0.01 -0.03 0.01 1 1
j NECK -107.82 449.67 1896.15 1 0.01 -0.03 0.01 1 1
j LEFT_SHOULDER -258.39 447.28 1887.69 1 0.23 0.22 0.51 0.8 1
j LEFT_ELBOW -385.42 151.97 1924.35 1 0.33 0.03 0.49 0.81 1
j LEFT_HAND -547.9 -96.7 1841.38 1 0 0 0 0 1
j RIGHT_SHOULDER 42.75 452.06 1904.61 1 0.33 -0.27 -0.45 0.78 1
j RIGHT_ELBOW 182.55 174.12 1940.61 1 0.44 -0.05 -0.37 0.82 1
j RIGHT_HAND 407.31 -25.65 1865.72 1 0 0 0 0 1
j TORSO -104.07 236.09 1889.8 1 0.02 -0.03 0.01 1 1
j LEFT_HIP -198.79 20.95 1877.91 1 -0.05 -0.71 0.03 0.7 1
j LEFT_KNEE -212.8 -403.51 1926.03 1 -0.05 -0.71 0.02 0.7 1
j LEFT_FOOT -227.43 -811.95 1969.06 1 0 0 0 0 1
j RIGHT_HIP -1.86 24.08 1888.98 1 -0.03 -0.29 0.05 0.96 1
j RIGHT_KNEE 30.55 -400.58 1924.84 1 -0.08 -0.29 0.04 0.95 1
j RIGHT_FOOT 40.77 -804.47 1999.7 1 0 0 0 0 1
t 8855546000
j HEAD -111.04 662.54 1900.33 1 0.01 -0.03 0.01 1 1
j NECK -107.43 451.6 1896.11 1 0.01 -0.03 0.01 1 1
j LEFT_SHOULDER -257.99 450.07 1887.26 1 0.22 0.24 0.53 0.78 1
j LEFT_ELBOW -361.58 148.25 1934.3 1 0.31 0.09 0.55 0.77 1
j LEFT_HAND -480.83 -129.69 1872.49 1 0 0 0 0 1
j RIGHT_SHOULDER 43.13 453.14 1904.97 1 0.32 -0.29 -0.49 0.76 1
j RIGHT_ELBOW 156.16 158.02 1946.62 1 0.42 -0.1 -0.46 0.78 1
j RIGHT_HAND 330.9 -86.73 1873.98 1 0 0 0 0 1
j TORSO -104.86 238.03 1889.36 1 0.02 -0.03 0.01 1 1
j LEFT_HIP -200.75 23.45 1876.82 1 -0.05 -0.71 0.03 0.7 1
j LEFT_KNEE -210.01 -401.43 1922.25 1 -0.06 -0.71 0.03 0.7 1
j LEFT_FOOT -225.07 -808.53 1976.1 1 0 0 0 0 1
j RIGHT_HIP -3.83 25.45 1888.41 1 -0.03 -0.29 0.05 0.96 1
j RIGHT_KNEE 32.4 -398.74 1926.21 1 -0.08 -0.29 0.04 0.95 1
j RIGHT_FOOT 40.39 -802.8 2000.64 1 0 0 0 0 1
t 8855683000
j HEAD -111.19 662.56 1897.68 1 0.01 -0.03 0.01 1 1
j NECK -107.87 452.41 1895.24 1 0.01 -0.03 0.01 1 1
j LEFT_SHOULDER -258.48 450.27 1887.31 1 0.21 0.25 0.55 0.76 1
j LEFT_ELBOW -342.68 135.79 1937.03 1 0.3 0.12 0.62 0.72 1
j LEFT_HAND -408.12 -162.3 1876.72 1 0 0 0 0 1
j RIGHT_SHOULDER 42.73 454.55 1903.17 1 0.31 -0.31 -0.52 0.74 1
j RIGHT_ELBOW 129.76 148.78 1948.53 1 0.4 -0.15 -0.55 0.71 1
j RIGHT_HAND 233.81 -131.22 1878.08 1 0 0 0 0 1
j TORSO -104.57 238.79 1890.24 1 0.01 -0.03 0.01 1 1
j LEFT_HIP -199.76 23.77 1880.06 1 -0.04 -0.71 0.03 0.7 1
j LEFT_KNEE -207.33 -401.32 1923.95 1 -0.06 -0.71 0.03 0.7 1
j LEFT_FOOT -227.3 -808.13 1978.57 1 0 0 0 0 1
j RIGHT_HIP -2.78 26.57 1890.43 1 -0.03 -0.28 0.05 0.96 1
j RIGHT_KNEE 32.93 -397.63 1928.67 1 -0.08 -0.29 0.04 0.95 1
j RIGHT_FOOT 44.15 -802.45 1998.31 1 0 0 0 0 1
t 8855810000
j HEAD -111.29 662.19 1897.27 1 0.01 -0.02 0.01 1 1
j NECK -106.98 451.68 1895.08 1 0.01 -0.02 0.01 1 1
j LEFT_SHOULDER -257.61 449.14 1887.82 1 0.21 0.26 0.56 0.75 1
j LEFT_ELBOW -327.39 153.72 1934.61 1 0.28 0.16 0.65 0.68 1
j LEFT_HAND -355.46 -148.53 1887.06 1 0 0 0 0 1
j RIGHT_SHOULDER 43.65 454.23 1902.33 1 0.3 -0.32 -0.54 0.72 1
j RIGHT_ELBOW 112.65 157.76 1943.89 1 0.38 -0.2 -0.62 0.65 1
j RIGHT_HAND 156 -137.11 1879.52 1 0 0 0 0 1
j TORSO -103.14 238.06 1890.38 1 0.01 -0.02 0.01 1 1
j LEFT_HIP -197.81 22.77 1880.94 1 -0.04 -0.71 0.03 0.7 1
j LEFT_KNEE -206.69 -402.44 1923.34 1 -0.07 -0.71 0.03 0.7 1
j LEFT_FOOT -227.48 -809.12 1978.69 1 0 0 0 0 1
j RIGHT_HIP -0.79 26.11 1890.43 1 -0.02 -0.28 0.05 0.96 1
j RIGHT_KNEE 31.63 -398.87 1922.05 1 -0.09 -0.28 0.05 0.95 1
j RIGHT_FOOT 45.63 -800.82 2005.87 1 0 0 0 0 1
t 8855879000
j HEAD -112.02 663.78 1898.26 1 0 -0.02 0.01 1 1
j NECK -107.43 452.93 1896.3 1 0 -0.02 0.01 1 1
j LEFT_SHOULDER -258.06 450.07 1889.15 1 0.22 0.26 0.57 0.75 1
j LEFT_ELBOW -321.31 155.45 1932.03 1 0.28 0.17 0.69 0.64 1
j LEFT_HAND -317.51 -146.46 1877.91 1 0 0 0 0 1
j RIGHT_SHOULDER 43.2 455.79 1903.44 1 0.3 -0.32 -0.54 0.71 1
j RIGHT_ELBOW 106.1 158.57 1941.55 1 0.37 -0.22 -0.65 0.62 1
j RIGHT_HAND 123.7 -140.21 1875.94 1 0 0 0 0 1
j TORSO -103.15 239.32 1891.51 1 0.01 -0.02 0.01 1 1
j LEFT_HIP -197.37 23.84 1882.05 1 -0.04 -0.71 0.03 0.7 1
j LEFT_KNEE -207.77 -401.38 1924.13 1 -0.06 -0.71 0.03 0.7 1
j LEFT_FOOT -224.85 -808.4 1978.31 1 0 0 0 0 1
j RIGHT_HIP -0.36 27.58 1891.39 1 -0.03 -0.28 0.05 0.96 1
j RIGHT_KNEE 31.42 -397.25 1925.92 1 -0.09 -0.28 0.04 0.95 1
j RIGHT_FOOT 46.55 -800.42 2003.87 1 0 0 0 0 1
t 8856010000
j HEAD -111.62 663.1 1897.77 1 0 -0.03 0.01 1 1
j NECK -106.75 452.3 1896.62 1 0 -0.03 0.01 1 1
j LEFT_SHOULDER -257.27 449.18 1887.62 1 0.21 0.26 0.57 0.75 1
j LEFT_ELBOW -320.71 156.93 1929.79 1 0.28 0.17 0.7 0.64 1
j LEFT_HAND -310.81 -145.22 1875.13 1 0 0 0 0 1
j RIGHT_SHOULDER 43.78 455.42 1905.62 1 0.31 -0.32 -0.54 0.71 1
j RIGHT_ELBOW 107.88 159.38 1942.21 1 0.38 -0.22 -0.66 0.61 1
j RIGHT_HAND 114.68 -139.3 1871.23 1 0 0 0 0 1
j TORSO -102.06 238.69 1892.21 1 0.01 -0.03 0.01 1 1
j LEFT_HIP -195.8 23.04 1881.92 1 -0.04 -0.71 0.03 0.7 1
j LEFT_KNEE -206.31 -402.27 1923.07 1 -0.06 -0.71 0.03 0.7 1
j LEFT_FOOT -228.01 -809.17 1976.44 1 0 0 0 0 1
j RIGHT_HIP 1.07 27.12 1893.69 1 -0.03 -0.29 0.04 0.96 1
j RIGHT_KNEE 29.54 -398 1927.46 1 -0.08 -0.29 0.05 0.95 1
j RIGHT_FOOT 48.14 -801.96 2000.55 1 0 0 0 0 1
t 8856111000
j HEAD -111.17 661.85 1897.84 1 0 -0.03 0.01 1 1
j NECK -107.03 451.08 1895.96 1 0 -0.03 0.01 1 1
j LEFT_SHOULDER -257.61 448.19 1887.88 1 0.21 0.26 0.57 0.75 1
j LEFT_ELBOW -320.87 157.8 1929.85 1 0.28 0.17 0.7 0.64 1
j LEFT_HAND -310.88 -144.9 1877.51 1 0 0 0 0 1
j RIGHT_SHOULDER 43.55 453.96 1904.04 1 0.31 -0.32 -0.54 0.71 1
j RIGHT_ELBOW 107.58 156.14 1940.96 1 0.38 -0.22 -0.67 0.6 1
j RIGHT_HAND 112.6 -142.41 1868.28 1 0 0 0 0 1
j TORSO -102.72 237.45 1891.77 1 0.01 -0.03 0.01 1 1
j LEFT_HIP -196.88 21.94 1882.3 1 -0.04 -0.71 0.02 0.7 1
j LEFT_KNEE -209.98 -403.37 1922.59 1 -0.06 -0.71 0.03 0.7 1
j LEFT_FOOT -229.77 -810.07 1978.29 1 0 0 0 0 1
j RIGHT_HIP 0.07 25.71 1892.87 1 -0.03 -0.28 0.04 0.96 1
j RIGHT_KNEE 26.57 -399.53 1926.78 1 -0.08 -0.28 0.05 0.95 1
j RIGHT_FOOT 45 -803.84 1998.09 1 0 0 0 0 1
t 8856179000
j HEAD -110.71 660.29 1897.63 1 0 -0.03 0.01 1 1
j NECK -105.9 449.6 1896.19 1 0 -0.03 0.01 1 1
j LEFT_SHOULDER -256.49 446.67 1888.23 1 0.21 0.26 0.57 0.75 1
j LEFT_ELBOW -320.85 155.93 1930.18 1 0.28 0.17 0.7 0.64 1
j LEFT_HAND -313.64 -146.73 1876.92 1 0 0 0 0 1
j RIGHT_SHOULDER 44.69 452.53 1904.15 1 0.31 -0.32 -0.55 0.71 1
j RIGHT_ELBOW 105.3 155.38 1940.23 1 0.38 -0.22 -0.67 0.6 1
j RIGHT_HAND 111.27 -142.63 1865.15 1 0 0 0 0 1
j TORSO -101.52 235.98 1892.11 1 0.01 -0.03 0.01 1 1
j LEFT_HIP -195.62 20.43 1882.82 1 -0.04 -0.71 0.02 0.7 1
j LEFT_KNEE -209.88 -405.02 1921.01 1 -0.06 -0.71 0.03 0.7 1
j LEFT_FOOT -227.87 -811.6 1977.91 1 0 0 0 0 1
j RIGHT_HIP 1.33 24.27 1893.23 1 -0.03 -0.28 0.04 0.96 1
j RIGHT_KNEE 30.69 -400.86 1925.97 1 -0.08 -0.29 0.04 0.95 1
j RIGHT_FOOT 44.54 -804.73 2000.68 1 0 0 0 0 1
t 8856278000
j HEAD -111.85 664.43 1898.13 1 0 -0.03 0.01 1 1
j NECK -106.01 453.29 1896.79 1 0 -0.03 0.01 1 1
j LEFT_SHOULDER -256.58 449.7 1888.58 1 0.22 0.25 0.57 0.75 1
j LEFT_ELBOW -320.37 156.87 1928.23 1 0.28 0.17 0.69 0.64 1
j LEFT_HAND -315.94 -146.39 1878.17 1 0 0 0 0 1
j RIGHT_SHOULDER 44.55 456.88 1904.99 1 0.31 -0.32 -0.55 0.71 1
j RIGHT_ELBOW 106 156.26 1940.76 1 0.38 -0.22 -0.67 0.6 1
j RIGHT_HAND 110.76 -141.66 1865.39 1 0 0 0 0 1
j TORSO -100.69 239.69 1892.56 1 0.01 -0.03 0.01 1 1
j LEFT_HIP -193.83 23.74 1882.96 1 -0.04 -0.71 0.02 0.7 1
j LEFT_KNEE -211.16 -401.71 1919.96 1 -0.06 -0.71 0.04 0.7 1
j LEFT_FOOT -222.77 -808.29 1978.51 1 0 0 0 0 1
j RIGHT_HIP 3.09 28.44 1893.69 1 -0.03 -0.28 0.04 0.96 1
j RIGHT_KNEE 32.14 -396.66 1927.24 1 -0.08 -0.29 0.04 0.95 1
j RIGHT_FOOT 43.68 -801.06 1999.44 1 0 0 0 0 1
t 8856346000
j HEAD -111.2 662.32 1898.17 1 0 -0.03 0.01 1 1
j NECK -105.83 451.73 1896.49 1 0 -0.03 0.01 1 1
j LEFT_SHOULDER -256.36 448.63 1887.54 1 0.21 0.25 0.57 0.75 1
j LEFT_ELBOW -320.04 157.06 1927.24 1 0.28 0.17 0.69 0.64 1
j LEFT_HAND -314.29 -145.76 1874.65 1 0 0 0 0 1
j RIGHT_SHOULDER 44.7 454.83 1905.44 1 0.31 -0.32 -0.55 0.71 1
j RIGHT_ELBOW 106.07 156.46 1939.67 1 0.38 -0.22 -0.66 0.61 1
j RIGHT_HAND 113.6 -141.81 1865.78 1 0 0 0 0 1
j TORSO -101.19 238.11 1892.37 1 0.01 -0.03 0.01 1 1
j LEFT_HIP -194.98 22.46 1882.39 1 -0.04 -0.71 0.02 0.7 1
j LEFT_KNEE -210.6 -402.94 1920.79 1 -0.06 -0.71 0.04 0.7 1
j LEFT_FOOT -227.14 -809.42 1979.01 1 0 0 0 0 1
j RIGHT_HIP 1.9 26.52 1894.09 1 -0.03 -0.29 0.04 0.96 1
j RIGHT_KNEE 29.3 -398.76 1926.79 1 -0.08 -0.29 0.04 0.95 1
j RIGHT_FOOT 42.8 -803.16 1998.72 1 0 0 0 0 1
t 8856447000
j HEAD -110.68 666.01 1905.78 1 0.02 -0.03 0.01 1 1
j NECK -105.07 454.57 1899.43 1 0.02 -0.03 0.01 1 1
j LEFT_SHOULDER -255.6 451.69 1890.41 1 0.22 0.25 0.57 0.75 1
j LEFT_ELBOW -322.7 157.03 1928.94 1 0.29 0.14 0.68 0.66 1
j LEFT_HAND -334.95 -140.12 1864.21 1 0 0 0 0 1
j RIGHT_SHOULDER 45.46 457.46 1908.45 1 0.31 -0.31 -0.54 0.71 1
j RIGHT_ELBOW 113.86 150.3 1941.74 1 0.39 -0.2 -0.63 0.64 1
j RIGHT_HAND 148.68 -147.44 1868.65 1 0 0 0 0 1
j TORSO -100.55 241.04 1892.19 1 0.02 -0.03 0.01 1 1
j LEFT_HIP -194.47 25.63 1879.05 1 -0.05 -0.71 0.02 0.7 1
j LEFT_KNEE -211.38 -399.76 1916.99 1 -0.06 -0.71 0.04 0.7 1
j LEFT_FOOT -225.86 -806 1977.36 1 0 0 0 0 1
j RIGHT_HIP 2.41 29.4 1890.85 1 -0.03 -0.29 0.04 0.96 1
j RIGHT_KNEE 30.98 -395.65 1925.44 1 -0.08 -0.29 0.04 0.95 1
j RIGHT_FOOT 44.84 -799.29 2001.25 1 0 0 0 0 1
t 8856547000
j HEAD -111.54 666.51 1907.43 1 0.02 -0.03 0.01 1 1
j NECK -105.85 454.84 1900.13 1 0.02 -0.03 0.01 1 1
j LEFT_SHOULDER -256.39 451.75 1891.43 1 0.23 0.24 0.56 0.76 1
j LEFT_ELBOW -338.11 155.31 1922.91 1 0.32 0.1 0.61 0.72 1
j LEFT_HAND -407.63 -127.23 1848.92 1 0 0 0 0 1
j RIGHT_SHOULDER 44.7 457.93 1908.83 1 0.33 -0.29 -0.52 0.73 1
j RIGHT_ELBOW 137.79 155.02 1938.44 1 0.41 -0.16 -0.57 0.7 1
j RIGHT_HAND 231.61 -130.57 1866.78 1 0 0 0 0 1
j TORSO -100.99 241.34 1891.93 1 0.02 -0.03 0.01 1 1
j LEFT_HIP -194.59 25.83 1878.05 1 -0.05 -0.71 0.02 0.7 1
j LEFT_KNEE -213.73 -398.67 1923.83 1 -0.06 -0.71 0.03 0.7 1
j LEFT_FOOT -227.32 -806.06 1975.9 1 0 0 0 0 1
j RIGHT_HIP 2.31 29.87 1889.43 1 -0.03 -0.29 0.05 0.96 1
j RIGHT_KNEE 31.95 -394.96 1925.91 1 -0.09 -0.29 0.04 0.95 1
j RIGHT_FOOT 42.19 -798.45 2003.2 1 0 0 0 0 1
t 8856611000
j HEAD -111.14 665.76 1908.29 1 0.01 -0.03 0.01 1 1
j NECK -106.5 454.74 1902.29 1 0.01 -0.03 0.01 1 1
j LEFT_SHOULDER -257.04 452.43 1893.21 1 0.25 0.2 0.52 0.79 1
j LEFT_ELBOW -377.26 167.59 1907.48 1 0.33 0.06 0.56 0.76 1
j LEFT_HAND -486.28 -102.61 1821.78 1 0 0 0 0 1
j RIGHT_SHOULDER 44.03 457.04 1911.37 1 0.35 -0.26 -0.48 0.76 1
j RIGHT_ELBOW 170.22 174.99 1930.1 1 0.42 -0.12 -0.5 0.75 1
j RIGHT_HAND 316.3 -83.61 1853.41 1 0 0 0 0 1
j TORSO -102.73 241.22 1894.07 1 0.02 -0.03 0.01 1 1
j LEFT_HIP -197.41 26.2 1879.9 1 -0.05 -0.71 0.02 0.7 1
j LEFT_KNEE -212.93 -398.55 1924.91 1 -0.06 -0.71 0.03 0.7 1
j LEFT_FOOT -231.07 -806.07 1974.27 1 0 0 0 0 1
j RIGHT_HIP -0.52 29.21 1891.78 1 -0.03 -0.29 0.05 0.96 1
j RIGHT_KNEE 30.76 -395.58 1927.21 1 -0.09 -0.29 0.04 0.95 1
j RIGHT_FOOT 37.81 -799.42 2003.04 1 0 0 0 0 1
t 8856711000
j HEAD -111.75 664.45 1907.97 1 0.01 -0.03 0.01 1 1
j NECK -106.19 454.72 1903.59 1 0.01 -0.03 0.01 1 1
j LEFT_SHOULDER -256.66 451.54 1893.8 1 0.28 0.15 0.45 0.83 1
j LEFT_ELBOW -421.17 199.57 1890.77 1 0.34 0 0.47 0.81 1
j LEFT_HAND -587.68 -33.62 1792.72 1 0 0 0 0 1
j RIGHT_SHOULDER 44.29 457.9 1913.38 1 0.38 -0.21 -0.42 0.79 1
j RIGHT_ELBOW 206.94 209.57 1919.54 1 0.45 -0.04 -0.4 0.8 1
j RIGHT_HAND 413.82 6.55 1830.64 1 0 0 0 0 1
j TORSO -101.16 241.22 1895.64 1 0.02 -0.03 0.01 1 1
j LEFT_HIP -194.53 25.64 1881.29 1 -0.05 -0.71 0.02 0.7 1
j LEFT_KNEE -210.38 -399.26 1924.71 1 -0.06 -0.71 0.03 0.7 1
j LEFT_FOOT -224.7 -806.84 1975.24 1 0 0 0 0 1
j RIGHT_HIP 2.27 29.8 1894.09 1 -0.03 -0.29 0.04 0.96 1
j RIGHT_KNEE 31.95 -395.22 1928.01 1 -0.09 -0.29 0.04 0.95 1
j RIGHT_FOOT 45.1 -798.56 2005.35 1 0 0 0 0 1
t 8856811000
j HEAD -110.65 661.8 1907.71 1 0.01 -0.03 0.01 1 1
j NECK -105.59 452.83 1904.3 1 0.01 -0.03 0.01 1 1
j LEFT_SHOULDER -256.11 449.7 1895.13 1 0.31 0.1 0.38 0.87 1
j LEFT_ELBOW -456.55 237.13 1876.76 1 0.36 -0.04 0.38 0.85 1
j LEFT_HAND -672.64 50.36 1773.34 1 0 0 0 0 1
j RIGHT_SHOULDER 44.93 455.97 1913.48 1 0.4 -0.16 -0.36 0.83 1
j RIGHT_ELBOW 238.98 254.4 1907.6 1 0.46 0.03 -0.31 0.83 1
j RIGHT_HAND 483.54 108.11 1809.64 1 0 0 0 0 1
j TORSO -100.69 239.32 1896.77 1 0.02 -0.03 0.01 1 1
j LEFT_HIP -194.21 23.75 1883.24 1 -0.05 -0.71 0.02 0.7 1
j LEFT_KNEE -212.27 -401.12 1926.07 1 -0.05 -0.71 0.03 0.7 1
j LEFT_FOOT -226.42 -808.78 1975.77 1 0 0 0 0 1
j RIGHT_HIP 2.65 27.84 1895.24 1 -0.03 -0.29 0.04 0.96 1
j RIGHT_KNEE 28.67 -397.61 1926.59 1 -0.08 -0.29 0.05 0.95 1
j RIGHT_FOOT 44.12 -800.97 2003.54 1 0 0 0 0 1
t 8856943000
j HEAD -109.71 662.02 1907.57 1 0.01 -0.03 0.01 1 1
j NECK -105.06 453.57 1904.64 1 0.01 -0.03 0.01 1 1
j LEFT_SHOULDER -255.53 450.42 1894.75 1 0.33 0.05 0.3 0.9 1
j LEFT_ELBOW -490.38 288.04 1864.26 1 0.37 -0.1 0.24 0.89 1
j LEFT_HAND -748.23 180.81 1756.78 1 0 0 0 0 1
j RIGHT_SHOULDER 45.41 456.71 1914.54 1 0.43 -0.1 -0.27 0.86 1
j RIGHT_ELBOW 266.24 309.85 1895.98 1 0.48 0.08 -0.18 0.86 1
j RIGHT_HAND 538.63 241.9 1807.89 1 0 0 0 0 1
j TORSO -100.14 240.03 1897.65 1 0.02 -0.03 0.01 1 1
j LEFT_HIP -193.63 24.43 1884.19 1 -0.05 -0.72 0.02 0.7 1
j LEFT_KNEE -211.41 -400.73 1924.19 1 -0.06 -0.71 0.04 0.7 1
j LEFT_FOOT -222.17 -807.96 1978.28 1 0 0 0 0 1
j RIGHT_HIP 3.18 28.54 1897.13 1 -0.03 -0.29 0.04 0.96 1
j RIGHT_KNEE 32.17 -396.65 1929.53 1 -0.08 -0.29 0.04 0.95 1
j RIGHT_FOOT 43.13 -801.33 2000.15 1 0 0 0 0 1
